Model 1,15,0,0.2,3.6151666666666737
Model 1,15,0.5,0.2,3.9081666666666686
Model 1,15,1.0,0.2,4.156083333333306
Model 1,15,1.5,0.2,4.375555555555552
Model 1,15,2.0,0.2,4.566194444444457
Model 1,15,2.5,0.2,4.734611111111113
Model 2,15,0,0.2,11.109027777777746
Model 2,15,0.5,0.2,12.173472222222218
Model 2,15,1.0,0.2,13.237444444444478
Model 2,15,1.5,0.2,14.301777777777813
Model 2,15,2.0,0.2,15.365805555555509
Model 2,15,2.5,0.2,16.4303055555555
Model 3,15,0,0.2,3.5732777777777747
Model 3,15,0.5,0.2,3.8459999999999988
Model 3,15,1.0,0.2,4.089777777777754
Model 3,15,1.5,0.2,4.304777777777774
Model 3,15,2.0,0.2,4.493500000000004
Model 3,15,2.5,0.2,4.655694444444453
Model 4,15,0,0.2,3.6399722222222275
Model 4,15,0.5,0.2,3.938805555555559
Model 4,15,1.0,0.2,4.187694444444416
Model 4,15,1.5,0.2,4.409111111111108
Model 4,15,2.0,0.2,4.6029444444444625
Model 4,15,2.5,0.2,4.776555555555563
