Model 1,10,0,0.2,0.42333333333333295
Model 1,10.5,0,0.2,0.32841666666666686
Model 1,11.0,0,0.2,0.21291666666666656
Model 1,11.5,0,0.2,0.14552777777777784
Model 1,12.0,0,0.2,0.03975
Model 1,12.5,0,0.2,0.29908333333333326
Model 1,13.0,0,0.2,0.2385277777777779
Model 1,13.5,0,0.2,0.1709722222222222
Model 1,14.0,0,0.2,0.1034722222222222
Model 1,14.5,0,0.2,0.06808333333333332
Model 1,15.0,0,0.2,0.0038333333333333344
Model 1,15,0,0.2,0.17916666666666664
Model 2,15,0,0.2,0.3141111111111113
Model 3,15,0,0.2,0.10655555555555558
Model 4,15,0,0.2,0.08208333333333336
