Model 1,5.1
Model 2,13.734444444444444
Model 3,5.025
Model 4,5.143888888888889
Model 1,3.8497222222222223
Model 2,11.925833333333333
Model 3,3.7894444444444444
Model 4,3.8761111111111113
--------Below uses rAir and not specific heat stuff ----------
Model 1,0.4949999999999934
Model 2,1.5627500000000194
Model 3,0.4865555555555484
Model 4,0.4991388888888817
--------------- Below just makes sure flask gets to below the set threhold -----------
Model,Threshold,Hours in Use
Model 1,10,7.06030555555554
Model 2,10,23.2918611111111
Model 3,10,6.985666666666645
Model 4,10,7.110527777777764
Model 1,11,6.315111111111091
Model 2,11,20.687055555555684
Model 3,11,6.2133055555555465
Model 4,11,6.362277777777765
Model 1,12,5.598361111111114
Model 2,12,18.133166666666668
Model 3,12,5.508333333333331
Model 4,12,5.641222222222211
Model 1,13,4.9085555555555676
Model 2,13,15.665944444444392
Model 3,13,4.829249999999999
Model 4,13,4.946583333333355
Model 1,14,4.250722222222229
Model 2,14,13.322527777777768
Model 3,14,4.181555555555566
Model 4,14,4.283472222222226
--------- Below makes sure gets to below a delta from thresh if is working------------
Model,Threshold,delta,power (W),Hours in Use
Model 1,10,0,0.2,7.06030555555554
Model 1,10,0,0.3,4.722166666666682
Model 1,10,0,0.4,3.553166666666668
Model 1,10,0,0.5,2.851027777777789
Model 1,11,0,0.2,6.315111111111091
Model 1,11,0,0.3,4.220166666666671
Model 1,11,0,0.4,3.172916666666682
Model 1,11,0,0.5,2.543916666666686
Model 1,12,0,0.2,5.598361111111114
Model 1,12,0,0.3,3.7422222222222263
Model 1,12,0,0.4,2.8140833333333504
Model 1,12,0,0.5,2.2569722222222275
Model 1,13,0,0.2,4.9085555555555676
Model 1,13,0,0.3,3.281972222222224
Model 1,13,0,0.4,2.46872222222223
Model 1,13,0,0.5,1.9804722222222244
Model 1,14,0,0.2,4.250722222222229
Model 1,14,0,0.3,2.8428055555555654
Model 1,14,0,0.4,2.1386944444444485
Model 1,14,0,0.5,1.7166111111111158
Model 1,15,0,0.2,3.6147222222222295
Model 1,15,0,0.3,2.420722222222226
Model 1,15,0,0.4,1.8230833333333403
Model 1,15,0,0.5,1.464250000000004
Model 1,10,0.2,0.2,7.244194444444446
Model 1,10,0.2,0.3,4.839555555555533
Model 1,10,0.2,0.4,3.637416666666662
Model 1,10,0.2,0.5,2.915749999999993
Model 1,11,0.2,0.2,6.457277777777818
Model 1,11,0.2,0.3,4.314194444444426
Model 1,11,0.2,0.4,3.243611111111109
Model 1,11,0.2,0.5,2.600861111111116
Model 1,12,0.2,0.2,5.735416666666657
Model 1,12,0.2,0.3,3.8328333333333315
Model 1,12,0.2,0.4,2.881555555555559
Model 1,12,0.2,0.5,2.3111666666666615
Model 1,13,0.2,0.2,5.039499999999993
Model 1,13,0.2,0.3,3.368805555555546
Model 1,13,0.2,0.4,2.5333333333333234
Model 1,13,0.2,0.5,2.032194444444432
Model 1,14,0.2,0.2,4.374305555555535
Model 1,14,0.2,0.3,2.9243888888888856
Model 1,14,0.2,0.4,2.200083333333326
Model 1,14,0.2,0.5,1.7643333333333282
Model 1,15,0.2,0.2,3.7436944444444347
Model 1,15,0.2,0.3,2.50363888888889
Model 1,15,0.2,0.4,1.8838333333333244
Model 1,15,0.2,0.5,1.5116666666666592
Model 1,10,0.4,0.2,7.389472222222215
Model 1,10,0.4,0.3,4.936694444444454
Model 1,10,0.4,0.4,3.70955555555554
Model 1,10,0.4,0.5,2.9743333333333
Model 1,11,0.4,0.2,6.59741666666666
Model 1,11,0.4,0.3,4.4080277777777725
Model 1,11,0.4,0.4,3.3133055555555413
Model 1,11,0.4,0.5,2.6566944444444216
Model 1,12,0.4,0.2,5.869388888888866
Model 1,12,0.4,0.3,3.921888888888887
Model 1,12,0.4,0.4,2.948361111111092
Model 1,12,0.4,0.5,2.364611111111108
Model 1,13,0.4,0.2,5.166472222222219
Model 1,13,0.4,0.3,3.453388888888884
Model 1,13,0.4,0.4,2.5968055555555445
Model 1,13,0.4,0.5,2.0831388888888926
Model 1,14,0.4,0.2,4.49297222222223
Model 1,14,0.4,0.3,3.003861111111123
Model 1,14,0.4,0.4,2.2593611111111
Model 1,14,0.4,0.5,1.8120555555555535
Model 1,15,0.4,0.2,3.8537222222222427
Model 1,15,0.4,0.3,2.576277777777772
Model 1,15,0.4,0.4,1.9381944444444406
Model 1,15,0.4,0.5,1.5551388888888917
Model 1,10,0.6000000000000001,0.2,7.5341666666667
Model 1,10,0.6000000000000001,0.3,5.032333333333307
Model 1,10,0.6000000000000001,0.4,3.7818333333333425
Model 1,10,0.6000000000000001,0.5,3.0315277777777663
Model 1,11,0.6000000000000001,0.2,6.73469444444444
Model 1,11,0.6000000000000001,0.3,4.499388888888903
Model 1,11,0.6000000000000001,0.4,3.3816666666666695
Model 1,11,0.6000000000000001,0.5,2.711305555555558
Model 1,12,0.6000000000000001,0.2,6.000694444444423
Model 1,12,0.6000000000000001,0.3,4.009916666666675
Model 1,12,0.6000000000000001,0.4,3.0140277777777853
Model 1,12,0.6000000000000001,0.5,2.4168888888888853
Model 1,13,0.6000000000000001,0.2,5.290694444444439
Model 1,13,0.6000000000000001,0.3,3.5353333333333485
Model 1,13,0.6000000000000001,0.4,2.6576111111111147
Model 1,13,0.6000000000000001,0.5,2.13102777777777
Model 1,14,0.6000000000000001,0.2,4.608972222222218
Model 1,14,0.6000000000000001,0.3,3.0809166666666807
Model 1,14,0.6000000000000001,0.4,2.316027777777784
Model 1,14,0.6000000000000001,0.5,1.8573611111110997
Model 1,15,0.6000000000000001,0.2,3.9580555555555392
Model 1,15,0.6000000000000001,0.3,2.6459444444444533
Model 1,15,0.6000000000000001,0.4,1.9897222222222262
Model 1,15,0.6000000000000001,0.5,1.5967222222222095
Model 1,10,0.8,0.2,7.675499999999967
Model 1,10,0.8,0.3,5.126805555555575
Model 1,10,0.8,0.4,3.852944444444463
Model 1,10,0.8,0.5,3.0878611111111356
Model 1,11,0.8,0.2,6.869638888888896
Model 1,11,0.8,0.3,4.589166666666666
Model 1,11,0.8,0.4,3.448833333333347
Model 1,11,0.8,0.5,2.7647500000000136
Model 1,12,0.8,0.2,6.129333333333314
Model 1,12,0.8,0.3,4.095111111111099
Model 1,12,0.8,0.4,3.077611111111123
Model 1,12,0.8,0.5,2.4676111111111267
Model 1,13,0.8,0.2,5.411249999999997
Model 1,13,0.8,0.3,3.6157499999999927
Model 1,13,0.8,0.4,2.7173888888889013
Model 1,13,0.8,0.5,2.1791388888888967
Model 1,14,0.8,0.2,4.720555555555575
Model 1,14,0.8,0.3,3.1539166666666465
Model 1,14,0.8,0.4,2.3714722222222337
Model 1,14,0.8,0.5,1.9015833333333412
Model 1,15,0.8,0.2,4.058305555555574
Model 1,15,0.8,0.3,2.712777777777768
Model 1,15,0.8,0.4,2.0399166666666826
Model 1,15,0.8,0.5,1.6362777777777806
Model 1,10,1.0,0.2,7.815944444444434
Model 1,10,1.0,0.3,5.220777777777796
Model 1,10,1.0,0.4,3.9232777777777788
Model 1,10,1.0,0.5,3.1438055555555824
Model 1,11,1.0,0.2,7.007027777777767
Model 1,11,1.0,0.3,4.685555555555566
Model 1,11,1.0,0.4,3.5250277777777708
Model 1,11,1.0,0.5,2.8273333333333506
Model 1,12,1.0,0.2,6.255416666666657
Model 1,12,1.0,0.3,4.178972222222223
Model 1,12,1.0,0.4,3.140777777777779
Model 1,12,1.0,0.5,2.517194444444464
Model 1,13,1.0,0.2,5.531083333333352
Model 1,13,1.0,0.3,3.6944722222222217
Model 1,13,1.0,0.4,2.7768333333333315
Model 1,13,1.0,0.5,2.2255555555555673
Model 1,14,1.0,0.2,4.825472222222196
Model 1,14,1.0,0.3,3.22319444444444
Model 1,14,1.0,0.4,2.4223055555555377
Model 1,14,1.0,0.5,1.9425833333333435
Model 1,15,1.0,0.2,4.155638888888862
Model 1,15,1.0,0.3,2.7761388888888825
Model 1,15,1.0,0.4,2.086666666666658
Model 1,15,1.0,0.5,1.6733611111111217
Model 1,10,1.2,0.2,7.954416666666659
Model 1,10,1.2,0.3,5.31252777777778
Model 1,10,1.2,0.4,3.9911111111110773
Model 1,10,1.2,0.5,3.199500000000006
Model 1,11,1.2,0.2,7.174972222222206
Model 1,11,1.2,0.3,4.792111111111112
Model 1,11,1.2,0.4,3.6003611111110825
Model 1,11,1.2,0.5,2.8861666666666603
Model 1,12,1.2,0.2,6.377222222222231
Model 1,12,1.2,0.3,4.259250000000011
Model 1,12,1.2,0.4,3.200749999999975
Model 1,12,1.2,0.5,2.5653611111111094
Model 1,13,1.2,0.2,5.6419444444444355
Model 1,13,1.2,0.3,3.7685277777778006
Model 1,13,1.2,0.4,2.8326388888888774
Model 1,13,1.2,0.5,2.2706388888888815
Model 1,14,1.2,0.2,4.923500000000002
Model 1,14,1.2,0.3,3.291000000000017
Model 1,14,1.2,0.4,2.4726111111110955
Model 1,14,1.2,0.5,1.9828611111111027
Model 1,15,1.2,0.2,4.2438055555555705
Model 1,15,1.2,0.3,2.836666666666687
Model 1,15,1.2,0.4,2.1307222222222264
Model 1,15,1.2,0.5,1.7081944444444386
Model 1,10,1.4,0.2,8.087555555555559
Model 1,10,1.4,0.3,5.401388888888918
Model 1,10,1.4,0.4,4.057194444444448
Model 1,10,1.4,0.5,3.2517777777777535
Model 1,11,1.4,0.2,7.30108333333333
Model 1,11,1.4,0.3,4.876222222222221
Model 1,11,1.4,0.4,3.66400000000001
Model 1,11,1.4,0.5,2.935444444444418
Model 1,12,1.4,0.2,6.494166666666672
Model 1,12,1.4,0.3,4.33766666666666
Model 1,12,1.4,0.4,3.2583333333333377
Model 1,12,1.4,0.5,2.611083333333316
Model 1,13,1.4,0.2,5.748444444444439
Model 1,13,1.4,0.3,3.8392499999999914
Model 1,13,1.4,0.4,2.8846111111111146
Model 1,13,1.4,0.5,2.3131388888888855
Model 1,14,1.4,0.2,5.024694444444422
Model 1,14,1.4,0.3,3.3566944444444395
Model 1,14,1.4,0.4,2.5221111111111134
Model 1,14,1.4,0.5,2.0219444444444474
Model 1,15,1.4,0.2,4.33058333333332
Model 1,15,1.4,0.3,2.8945833333333226
Model 1,15,1.4,0.4,2.1757222222222143
Model 1,15,1.4,0.5,1.7430555555555534
Model 1,10,1.5999999999999999,0.2,8.216222222222198
Model 1,10,1.5999999999999999,0.3,5.4868888888889265
Model 1,10,1.5999999999999999,0.4,4.1214722222222395
Model 1,10,1.5999999999999999,0.5,3.3019722222222145
Model 1,11,1.5999999999999999,0.2,7.422527777777767
Model 1,11,1.5999999999999999,0.3,4.956333333333328
Model 1,11,1.5999999999999999,0.4,3.7238611111111397
Model 1,11,1.5999999999999999,0.5,2.9842222222222055
Model 1,12,1.5999999999999999,0.2,6.602277777777749
Model 1,12,1.5999999999999999,0.3,4.408527777777778
Model 1,12,1.5999999999999999,0.4,3.3119166666666917
Model 1,12,1.5999999999999999,0.5,2.654055555555544
Model 1,13,1.5999999999999999,0.2,5.8467499999999895
Model 1,13,1.5999999999999999,0.3,3.9056388888888756
Model 1,13,1.5999999999999999,0.4,2.9350555555555684
Model 1,13,1.5999999999999999,0.5,2.351888888888884
Model 1,14,1.5999999999999999,0.2,5.120750000000009
Model 1,14,1.5999999999999999,0.3,3.4188888888888833
Model 1,14,1.5999999999999999,0.4,2.569250000000023
Model 1,14,1.5999999999999999,0.5,2.0587222222222104
Model 1,15,1.5999999999999999,0.2,4.410361111111129
Model 1,15,1.5999999999999999,0.3,2.9460555555555508
Model 1,15,1.5999999999999999,0.4,2.2141111111111256
Model 1,15,1.5999999999999999,0.5,1.7747777777777713
Model 1,10,1.7999999999999998,0.2,8.340305555555574
Model 1,10,1.7999999999999998,0.3,5.56961111111108
Model 1,10,1.7999999999999998,0.4,4.183416666666679
Model 1,10,1.7999999999999998,0.5,3.3530555555555717
Model 1,11,1.7999999999999998,0.2,7.541833333333333
Model 1,11,1.7999999999999998,0.3,5.036000000000007
Model 1,11,1.7999999999999998,0.4,3.7823055555555656
Model 1,11,1.7999999999999998,0.5,3.030194444444452
Model 1,12,1.7999999999999998,0.2,6.70619444444444
Model 1,12,1.7999999999999998,0.3,4.477638888888915
Model 1,12,1.7999999999999998,0.4,3.36383333333333
Model 1,12,1.7999999999999998,0.5,2.694833333333346
Model 1,13,1.7999999999999998,0.2,5.946472222222214
Model 1,13,1.7999999999999998,0.3,3.970638888888903
Model 1,13,1.7999999999999998,0.4,2.9825833333333396
Model 1,13,1.7999999999999998,0.5,2.388944444444456
Model 1,14,1.7999999999999998,0.2,5.208055555555563
Model 1,14,1.7999999999999998,0.3,3.4774722222222434
Model 1,14,1.7999999999999998,0.4,2.612166666666659
Model 1,14,1.7999999999999998,0.5,2.092138888888883
Model 1,15,1.7999999999999998,0.2,4.4926666666666515
Model 1,15,1.7999999999999998,0.3,3.0003611111111272
Model 1,15,1.7999999999999998,0.4,2.2531388888888855
Model 1,15,1.7999999999999998,0.5,1.806111111111109
Model 1,10,1.9999999999999998,0.2,8.463750000000005
Model 1,10,1.9999999999999998,0.3,5.650444444444431
Model 1,10,1.9999999999999998,0.4,4.243388888888857
Model 1,10,1.9999999999999998,0.5,3.399361111111131
Model 1,11,1.9999999999999998,0.2,7.649805555555528
Model 1,11,1.9999999999999998,0.3,5.108694444444474
Model 1,11,1.9999999999999998,0.4,3.8356388888888424
Model 1,11,1.9999999999999998,0.5,3.071888888888921
Model 1,12,1.9999999999999998,0.2,6.813888888888884
Model 1,12,1.9999999999999998,0.3,4.5548055555555695
Model 1,12,1.9999999999999998,0.4,3.424777777777725
Model 1,12,1.9999999999999998,0.5,2.7461111111111443
Model 1,13,1.9999999999999998,0.2,6.037861111111098
Model 1,13,1.9999999999999998,0.3,4.030722222222227
Model 1,13,1.9999999999999998,0.4,3.0263333333333047
Model 1,13,1.9999999999999998,0.5,2.4247500000000244
Model 1,14,1.9999999999999998,0.2,5.282805555555563
Model 1,14,1.9999999999999998,0.3,3.5272777777777766
Model 1,14,1.9999999999999998,0.4,2.6491666666666496
Model 1,14,1.9999999999999998,0.5,2.1236388888889
Model 1,15,1.9999999999999998,0.2,4.565750000000011
Model 1,15,1.9999999999999998,0.3,3.0503333333333305
Model 1,15,1.9999999999999998,0.4,2.2924166666666657
Model 1,15,1.9999999999999998,0.5,1.8355000000000101
Model 1,10,2.1999999999999997,0.2,8.57891666666665
Model 1,10,2.1999999999999997,0.3,5.727611111111113
Model 1,10,2.1999999999999997,0.4,4.301305555555561
Model 1,10,2.1999999999999997,0.5,3.4472222222222246
Model 1,11,2.1999999999999997,0.2,7.751750000000029
Model 1,11,2.1999999999999997,0.3,5.1742222222222125
Model 1,11,2.1999999999999997,0.4,3.8858888888888883
Model 1,11,2.1999999999999997,0.5,3.1145833333333544
Model 1,12,2.1999999999999997,0.2,6.9429999999999845
Model 1,12,2.1999999999999997,0.3,4.635111111111091
Model 1,12,2.1999999999999997,0.4,3.4808611111111043
Model 1,12,2.1999999999999997,0.5,2.7881388888888994
Model 1,13,2.1999999999999997,0.2,6.117944444444456
Model 1,13,2.1999999999999997,0.3,4.085583333333311
Model 1,13,2.1999999999999997,0.4,3.067444444444446
Model 1,13,2.1999999999999997,0.5,2.456472222222227
Model 1,14,2.1999999999999997,0.2,5.359999999999972
Model 1,14,2.1999999999999997,0.3,3.580194444444427
Model 1,14,2.1999999999999997,0.4,2.687666666666671
Model 1,14,2.1999999999999997,0.5,2.15425
Model 1,15,2.1999999999999997,0.2,4.6380833333333245
Model 1,15,2.1999999999999997,0.3,3.098861111111096
Model 1,15,2.1999999999999997,0.4,2.326583333333326
Model 1,15,2.1999999999999997,0.5,1.8649999999999978
Model 1,10,2.4,0.2,8.693694444444434
Model 1,10,2.4,0.3,5.8031944444444425
Model 1,10,2.4,0.4,4.357638888888901
Model 1,10,2.4,0.5,3.490472222222178
Model 1,11,2.4,0.2,7.8462777777777735
Model 1,11,2.4,0.3,5.238194444444463
Model 1,11,2.4,0.4,3.933583333333362
Model 1,11,2.4,0.5,3.1500833333333067
Model 1,12,2.4,0.2,7.032916666666649
Model 1,12,2.4,0.3,4.693416666666688
Model 1,12,2.4,0.4,3.5253888888889215
Model 1,12,2.4,0.5,2.8239166666666455
Model 1,13,2.4,0.2,6.198222222222206
Model 1,13,2.4,0.3,4.136166666666692
Model 1,13,2.4,0.4,3.1047777777778016
Model 1,13,2.4,0.5,2.4904166666666536
Model 1,14,2.4,0.2,5.435138888888896
Model 1,14,2.4,0.3,3.6281111111111284
Model 1,14,2.4,0.4,2.7248055555555872
Model 1,14,2.4,0.5,2.1845277777777707
Model 1,15,2.4,0.2,4.7080833333333345
Model 1,15,2.4,0.3,3.14380555555557
Model 1,15,2.4,0.4,2.359222222222234
Model 1,15,2.4,0.5,1.8889999999999951
Model 1,10,2.6,0.2,8.795444444444474
Model 1,10,2.6,0.3,5.871888888888899
Model 1,10,2.6,0.4,4.408388888888902
Model 1,10,2.6,0.5,3.529638888888853
Model 1,11,2.6,0.2,7.938111111111116
Model 1,11,2.6,0.3,5.299361111111128
Model 1,11,2.6,0.4,3.978361111111118
Model 1,11,2.6,0.5,3.1864444444444215
Model 1,12,2.6,0.2,7.118444444444485
Model 1,12,2.6,0.3,4.751916666666668
Model 1,12,2.6,0.4,3.5684444444444594
Model 1,12,2.6,0.5,2.8575555555555345
Model 1,13,2.6,0.2,6.2747777777777625
Model 1,13,2.6,0.3,4.188027777777777
Model 1,13,2.6,0.4,3.1439444444444473
Model 1,13,2.6,0.5,2.5198055555555423
Model 1,14,2.6,0.2,5.5040277777777895
Model 1,14,2.6,0.3,3.6731666666666634
Model 1,14,2.6,0.4,2.7591388888888915
Model 1,14,2.6,0.5,2.2099444444444445
Model 1,15,2.6,0.2,4.765472222222231
Model 1,15,2.6,0.3,3.1825277777777843
Model 1,15,2.6,0.4,2.388249999999999
Model 1,15,2.6,0.5,1.9130277777777753
Model 1,10,2.8000000000000003,0.2,8.892333333333346
Model 1,10,2.8000000000000003,0.3,5.933527777777784
Model 1,10,2.8000000000000003,0.4,4.45508333333329
Model 1,10,2.8000000000000003,0.5,3.567027777777786
Model 1,11,2.8000000000000003,0.2,8.032944444444436
Model 1,11,2.8000000000000003,0.3,5.361861111111105
Model 1,11,2.8000000000000003,0.4,4.025611111111079
Model 1,11,2.8000000000000003,0.5,3.2249166666666804
Model 1,12,2.8000000000000003,0.2,7.20094444444447
Model 1,12,2.8000000000000003,0.3,4.804749999999991
Model 1,12,2.8000000000000003,0.4,3.6082499999999764
Model 1,12,2.8000000000000003,0.5,2.8893333333333366
Model 1,13,2.8000000000000003,0.2,6.353916666666674
Model 1,13,2.8000000000000003,0.3,4.242111111111095
Model 1,13,2.8000000000000003,0.4,3.18486111111109
Model 1,13,2.8000000000000003,0.5,2.551944444444446
Model 1,14,2.8000000000000003,0.2,5.575722222222207
Model 1,14,2.8000000000000003,0.3,3.7205833333333187
Model 1,14,2.8000000000000003,0.4,2.7941666666666514
Model 1,14,2.8000000000000003,0.5,2.2368888888888883
Model 1,15,2.8000000000000003,0.2,4.828444444444452
Model 1,15,2.8000000000000003,0.3,3.2238055555555385
Model 1,15,2.8000000000000003,0.4,2.4195833333333323
Model 1,15,2.8000000000000003,0.5,1.9395555555555524
Model 2,10,0,0.2,23.2918611111111
Model 2,10,0,0.3,15.564333333333357
Model 2,10,0,0.4,11.701527777777804
Model 2,10,0,0.5,9.382249999999969
Model 2,11,0,0.2,20.687055555555684
Model 2,11,0,0.3,13.827194444444412
Model 2,11,0,0.4,10.398277777777752
Model 2,11,0,0.5,8.339499999999969
Model 2,12,0,0.2,18.133166666666668
Model 2,12,0,0.3,12.124194444444454
Model 2,12,0,0.4,9.120444444444441
Model 2,12,0,0.5,7.317333333333309
Model 2,13,0,0.2,15.665944444444392
Model 2,13,0,0.3,10.477611111111061
Model 2,13,0,0.4,7.8843333333333065
Model 2,13,0,0.5,6.3261666666666505
Model 2,14,0,0.2,13.322527777777768
Model 2,14,0,0.3,8.913416666666658
Model 2,14,0,0.4,6.710138888888901
Model 2,14,0,0.5,5.386138888888867
Model 2,15,0,0.2,11.109027777777746
Model 2,15,0,0.3,7.436027777777773
Model 2,15,0,0.4,5.5995833333333165
Model 2,15,0,0.5,4.498527777777787
Model 2,10,0.2,0.2,23.81488888888883
Model 2,10,0.2,0.3,15.912083333333308
Model 2,10,0.2,0.4,11.962611111111137
Model 2,10,0.2,0.5,9.59086111111112
Model 2,11,0.2,0.2,21.20305555555555
Model 2,11,0.2,0.3,14.170944444444435
Model 2,11,0.2,0.4,10.655777777777786
Model 2,11,0.2,0.5,8.54680555555556
Model 2,12,0.2,0.2,18.634472222222215
Model 2,12,0.2,0.3,12.45808333333334
Model 2,12,0.2,0.4,9.370027777777759
Model 2,12,0.2,0.5,7.518333333333348
Model 2,13,0.2,0.2,16.144055555555564
Model 2,13,0.2,0.3,10.795972222222263
Model 2,13,0.2,0.4,8.121611111111115
Model 2,13,0.2,0.5,6.517888888888921
Model 2,14,0.2,0.2,13.776166666666638
Model 2,14,0.2,0.3,9.215277777777803
Model 2,14,0.2,0.4,6.93527777777778
Model 2,14,0.2,0.5,5.567166666666681
Model 2,15,0.2,0.2,11.533750000000026
Model 2,15,0.2,0.3,7.718194444444463
Model 2,15,0.2,0.4,5.811000000000011
Model 2,15,0.2,0.5,4.669083333333323
Model 2,10,0.4,0.2,24.338027777777793
Model 2,10,0.4,0.3,16.262583333333335
Model 2,10,0.4,0.4,12.223722222222213
Model 2,10,0.4,0.5,9.80050000000001
Model 2,11,0.4,0.2,21.721000000000057
Model 2,11,0.4,0.3,14.517083333333321
Model 2,11,0.4,0.4,10.914138888888903
Model 2,11,0.4,0.5,8.753833333333333
Model 2,12,0.4,0.2,19.13866666666669
Model 2,12,0.4,0.3,12.79502777777776
Model 2,12,0.4,0.4,9.62127777777779
Model 2,12,0.4,0.5,7.718916666666666
Model 2,13,0.4,0.2,16.6263333333333
Model 2,13,0.4,0.3,11.117833333333383
Model 2,13,0.4,0.4,8.362444444444433
Model 2,13,0.4,0.5,6.709916666666669
Model 2,14,0.4,0.2,14.232694444444467
Model 2,14,0.4,0.3,9.519888888888884
Model 2,14,0.4,0.4,7.162833333333344
Model 2,14,0.4,0.5,5.749749999999984
Model 2,15,0.4,0.2,11.959833333333304
Model 2,15,0.4,0.3,8.003027777777769
Model 2,15,0.4,0.4,6.023527777777778
Model 2,15,0.4,0.5,4.837749999999994
Model 2,10,0.6000000000000001,0.2,24.862138888888822
Model 2,10,0.6000000000000001,0.3,16.61119444444448
Model 2,10,0.6000000000000001,0.4,12.48511111111111
Model 2,10,0.6000000000000001,0.5,10.009888888888883
Model 2,11,0.6000000000000001,0.2,22.23808333333339
Model 2,11,0.6000000000000001,0.3,14.860583333333262
Model 2,11,0.6000000000000001,0.4,11.17183333333333
Model 2,11,0.6000000000000001,0.5,8.960833333333351
Model 2,12,0.6000000000000001,0.2,19.64213888888899
Model 2,12,0.6000000000000001,0.3,13.129333333333337
Model 2,12,0.6000000000000001,0.4,9.873027777777772
Model 2,12,0.6000000000000001,0.5,7.920000000000023
Model 2,13,0.6000000000000001,0.2,17.106333333333357
Model 2,13,0.6000000000000001,0.3,11.437916666666602
Model 2,13,0.6000000000000001,0.4,8.603416666666659
Model 2,13,0.6000000000000001,0.5,6.90288888888892
Model 2,14,0.6000000000000001,0.2,14.687666666666617
Model 2,14,0.6000000000000001,0.3,9.823583333333316
Model 2,14,0.6000000000000001,0.4,7.391222222222212
Model 2,14,0.6000000000000001,0.5,5.931750000000016
Model 2,15,0.6000000000000001,0.2,12.384250000000035
Model 2,15,0.6000000000000001,0.3,8.28627777777779
Model 2,15,0.6000000000000001,0.4,6.236916666666666
Model 2,15,0.6000000000000001,0.5,5.007722222222221
Model 2,10,0.8,0.2,25.38411111111104
Model 2,10,0.8,0.3,16.96033333333335
Model 2,10,0.8,0.4,12.746999999999986
Model 2,10,0.8,0.5,10.219083333333346
Model 2,11,0.8,0.2,22.75394444444443
Model 2,11,0.8,0.3,15.205666666666671
Model 2,11,0.8,0.4,11.4312222222222
Model 2,11,0.8,0.5,9.167527777777783
Model 2,12,0.8,0.2,20.145472222222256
Model 2,12,0.8,0.3,13.465749999999991
Model 2,12,0.8,0.4,10.125472222222214
Model 2,12,0.8,0.5,8.121305555555544
Model 2,13,0.8,0.2,17.586916666666653
Model 2,13,0.8,0.3,11.758666666666695
Model 2,13,0.8,0.4,8.84386111111109
Model 2,13,0.8,0.5,7.0953611111110835
Model 2,14,0.8,0.2,15.142694444444462
Model 2,14,0.8,0.3,10.126805555555618
Model 2,14,0.8,0.4,7.619166666666667
Model 2,14,0.8,0.5,6.11380555555554
Model 2,15,0.8,0.2,12.810805555555548
Model 2,15,0.8,0.3,8.569138888888903
Model 2,15,0.8,0.4,6.44999999999998
Model 2,15,0.8,0.5,5.177472222222223
Model 2,10,1.0,0.2,25.909472222222202
Model 2,10,1.0,0.3,17.309805555555553
Model 2,10,1.0,0.4,13.010277777777802
Model 2,10,1.0,0.5,10.429527777777727
Model 2,11,1.0,0.2,23.271055555555552
Model 2,11,1.0,0.3,15.549916666666682
Model 2,11,1.0,0.4,11.690638888888923
Model 2,11,1.0,0.5,9.372944444444403
Model 2,12,1.0,0.2,20.648416666666783
Model 2,12,1.0,0.3,13.800472222222188
Model 2,12,1.0,0.4,10.377749999999992
Model 2,12,1.0,0.5,8.322222222222189
Model 2,13,1.0,0.2,18.06869444444446
Model 2,13,1.0,0.3,12.079138888888913
Model 2,13,1.0,0.4,9.08566666666668
Model 2,13,1.0,0.5,7.288305555555517
Model 2,14,1.0,0.2,15.599694444444415
Model 2,14,1.0,0.3,10.431472222222196
Model 2,14,1.0,0.4,7.848694444444434
Model 2,14,1.0,0.5,6.296194444444426
Model 2,15,1.0,0.2,13.237444444444478
Model 2,15,1.0,0.3,8.854916666666677
Model 2,15,1.0,0.4,6.664138888888933
Model 2,15,1.0,0.5,5.348499999999966
Model 2,10,1.2,0.2,26.43163888888882
Model 2,10,1.2,0.3,17.65686111111116
Model 2,10,1.2,0.4,13.270805555555556
Model 2,10,1.2,0.5,10.638499999999999
Model 2,11,1.2,0.2,23.78736111111107
Model 2,11,1.2,0.3,15.893333333333299
Model 2,11,1.2,0.4,11.948250000000035
Model 2,11,1.2,0.5,9.579000000000018
Model 2,12,1.2,0.2,21.15080555555559
Model 2,12,1.2,0.3,14.135111111111092
Model 2,12,1.2,0.4,10.628111111111139
Model 2,12,1.2,0.5,8.524083333333337
Model 2,13,1.2,0.2,18.54694444444442
Model 2,13,1.2,0.3,12.398444444444406
Model 2,13,1.2,0.4,9.32366666666665
Model 2,13,1.2,0.5,7.480277777777796
Model 2,14,1.2,0.2,16.05241666666666
Model 2,14,1.2,0.3,10.733083333333319
Model 2,14,1.2,0.4,8.073138888888892
Model 2,14,1.2,0.5,6.477694444444467
Model 2,15,1.2,0.2,13.661499999999954
Model 2,15,1.2,0.3,9.136694444444446
Model 2,15,1.2,0.4,6.874666666666663
Model 2,15,1.2,0.5,5.517527777777799
Model 2,10,1.4,0.2,26.955444444444446
Model 2,10,1.4,0.3,18.00805555555557
Model 2,10,1.4,0.4,13.53269444444443
Model 2,10,1.4,0.5,10.847805555555578
Model 2,11,1.4,0.2,24.303888888888903
Model 2,11,1.4,0.3,16.239444444444455
Model 2,11,1.4,0.4,12.205805555555537
Model 2,11,1.4,0.5,9.785888888888909
Model 2,12,1.4,0.2,21.655166666666712
Model 2,12,1.4,0.3,14.472472222222219
Model 2,12,1.4,0.4,10.879749999999994
Model 2,12,1.4,0.5,8.725722222222226
Model 2,13,1.4,0.2,19.028472222222234
Model 2,13,1.4,0.3,12.719888888888873
Model 2,13,1.4,0.4,9.563833333333353
Model 2,13,1.4,0.5,7.671722222222225
Model 2,14,1.4,0.2,16.50930555555554
Model 2,14,1.4,0.3,11.038194444444494
Model 2,14,1.4,0.4,8.301166666666655
Model 2,14,1.4,0.5,6.659611111111117
Model 2,15,1.4,0.2,14.088055555555615
Model 2,15,1.4,0.3,9.421472222222235
Model 2,15,1.4,0.4,7.0875833333333444
Model 2,15,1.4,0.5,5.687999999999992
Model 2,10,1.5999999999999999,0.2,27.479861111111028
Model 2,10,1.5999999999999999,0.3,18.355722222222234
Model 2,10,1.5999999999999999,0.4,13.793805555555542
Model 2,10,1.5999999999999999,0.5,11.057194444444475
Model 2,11,1.5999999999999999,0.2,24.82138888888883
Model 2,11,1.5999999999999999,0.3,16.583500000000033
Model 2,11,1.5999999999999999,0.4,12.463861111111108
Model 2,11,1.5999999999999999,0.5,9.992611111111108
Model 2,12,1.5999999999999999,0.2,22.158611111111195
Model 2,12,1.5999999999999999,0.3,14.806444444444377
Model 2,12,1.5999999999999999,0.4,11.130583333333329
Model 2,12,1.5999999999999999,0.5,8.927222222222241
Model 2,13,1.5999999999999999,0.2,19.509722222222283
Model 2,13,1.5999999999999999,0.3,13.039444444444479
Model 2,13,1.5999999999999999,0.4,9.804583333333301
Model 2,13,1.5999999999999999,0.5,7.863805555555579
Model 2,14,1.5999999999999999,0.2,16.964333333333336
Model 2,14,1.5999999999999999,0.3,11.341361111111098
Model 2,14,1.5999999999999999,0.4,8.52972222222221
Model 2,14,1.5999999999999999,0.5,6.842555555555582
Model 2,15,1.5999999999999999,0.2,14.51324999999994
Model 2,15,1.5999999999999999,0.3,9.705250000000024
Model 2,15,1.5999999999999999,0.4,7.301111111111083
Model 2,15,1.5999999999999999,0.5,5.858166666666667
Model 2,10,1.7999999999999998,0.2,28.001472222222198
Model 2,10,1.7999999999999998,0.3,18.70497222222228
Model 2,10,1.7999999999999998,0.4,14.055444444444436
Model 2,10,1.7999999999999998,0.5,11.266249999999967
Model 2,11,1.7999999999999998,0.2,25.336388888888795
Model 2,11,1.7999999999999998,0.3,16.92816666666667
Model 2,11,1.7999999999999998,0.4,12.722499999999995
Model 2,11,1.7999999999999998,0.5,10.199027777777792
Model 2,12,1.7999999999999998,0.2,22.660972222222195
Model 2,12,1.7999999999999998,0.3,15.142916666666656
Model 2,12,1.7999999999999998,0.4,11.383416666666657
Model 2,12,1.7999999999999998,0.5,9.128583333333335
Model 2,13,1.7999999999999998,0.2,19.990499999999965
Model 2,13,1.7999999999999998,0.3,13.361222222222183
Model 2,13,1.7999999999999998,0.4,10.045750000000016
Model 2,13,1.7999999999999998,0.5,8.056222222222214
Model 2,14,1.7999999999999998,0.2,17.419583333333332
Model 2,14,1.7999999999999998,0.3,11.645499999999975
Model 2,14,1.7999999999999998,0.4,8.757638888888883
Model 2,14,1.7999999999999998,0.5,7.024972222222205
Model 2,15,1.7999999999999998,0.2,14.938888888888933
Model 2,15,1.7999999999999998,0.3,9.988722222222203
Model 2,15,1.7999999999999998,0.4,7.514166666666691
Model 2,15,1.7999999999999998,0.5,6.028500000000002
Model 2,10,1.9999999999999998,0.2,28.52513888888882
Model 2,10,1.9999999999999998,0.3,19.053638888888884
Model 2,10,1.9999999999999998,0.4,14.317833333333352
Model 2,10,1.9999999999999998,0.5,11.47527777777775
Model 2,11,1.9999999999999998,0.2,25.855166666666648
Model 2,11,1.9999999999999998,0.3,17.27302777777778
Model 2,11,1.9999999999999998,0.4,12.982638888888927
Model 2,11,1.9999999999999998,0.5,10.406722222222164
Model 2,12,1.9999999999999998,0.2,23.16444444444446
Model 2,12,1.9999999999999998,0.3,15.47783333333335
Model 2,12,1.9999999999999998,0.4,11.63608333333339
Model 2,12,1.9999999999999998,0.5,9.32858333333329
Model 2,13,1.9999999999999998,0.2,20.47108333333343
Model 2,13,1.9999999999999998,0.3,13.680166666666624
Model 2,13,1.9999999999999998,0.4,10.28658333333337
Model 2,13,1.9999999999999998,0.5,8.248083333333296
Model 2,14,1.9999999999999998,0.2,17.876361111111095
Model 2,14,1.9999999999999998,0.3,11.94900000000003
Model 2,14,1.9999999999999998,0.4,8.986972222222233
Model 2,14,1.9999999999999998,0.5,7.2078888888888475
Model 2,15,1.9999999999999998,0.2,15.365805555555509
Model 2,15,1.9999999999999998,0.3,10.273722222222199
Model 2,15,1.9999999999999998,0.4,7.728222222222207
Model 2,15,1.9999999999999998,0.5,6.198833333333298
Model 2,10,2.1999999999999997,0.2,29.04911111111108
Model 2,10,2.1999999999999997,0.3,19.40188888888893
Model 2,10,2.1999999999999997,0.4,14.579611111111054
Model 2,10,2.1999999999999997,0.5,11.685499999999994
Model 2,11,2.1999999999999997,0.2,26.37069444444436
Model 2,11,2.1999999999999997,0.3,17.615777777777836
Model 2,11,2.1999999999999997,0.4,13.23974999999999
Model 2,11,2.1999999999999997,0.5,10.613083333333323
Model 2,12,2.1999999999999997,0.2,23.667138888888843
Model 2,12,2.1999999999999997,0.3,15.812111111111083
Model 2,12,2.1999999999999997,0.4,11.886611111111126
Model 2,12,2.1999999999999997,0.5,9.529194444444471
Model 2,13,2.1999999999999997,0.2,20.950555555555532
Model 2,13,2.1999999999999997,0.3,14.0001666666667
Model 2,13,2.1999999999999997,0.4,10.525333333333325
Model 2,13,2.1999999999999997,0.5,8.441055555555554
Model 2,14,2.1999999999999997,0.2,18.329388888888897
Model 2,14,2.1999999999999997,0.3,12.251527777777795
Model 2,14,2.1999999999999997,0.4,9.212194444444439
Model 2,14,2.1999999999999997,0.5,7.389944444444447
Model 2,15,2.1999999999999997,0.2,15.78894444444445
Model 2,15,2.1999999999999997,0.3,10.555277777777825
Model 2,15,2.1999999999999997,0.4,7.9381111111111196
Model 2,15,2.1999999999999997,0.5,6.368277777777796
Model 2,10,2.4,0.2,29.57325000000007
Model 2,10,2.4,0.3,19.752361111111142
Model 2,10,2.4,0.4,14.841583333333315
Model 2,10,2.4,0.5,11.895138888888937
Model 2,11,2.4,0.2,26.887722222222212
Model 2,11,2.4,0.3,17.9625
Model 2,11,2.4,0.4,13.497999999999983
Model 2,11,2.4,0.5,10.819722222222252
Model 2,12,2.4,0.2,24.170000000000016
Model 2,12,2.4,0.3,16.14949999999999
Model 2,12,2.4,0.4,12.13736111111109
Model 2,12,2.4,0.5,9.73055555555557
Model 2,13,2.4,0.2,21.43213888888891
Model 2,13,2.4,0.3,14.322277777777764
Model 2,13,2.4,0.4,10.765805555555513
Model 2,13,2.4,0.5,8.633916666666675
Model 2,14,2.4,0.2,18.78569444444444
Model 2,14,2.4,0.3,12.556222222222175
Model 2,14,2.4,0.4,9.439777777777786
Model 2,14,2.4,0.5,7.57144444444446
Model 2,15,2.4,0.2,16.215944444444414
Model 2,15,2.4,0.3,10.840583333333322
Model 2,15,2.4,0.4,8.151444444444413
Model 2,15,2.4,0.5,6.538222222222246
Model 2,10,2.6,0.2,30.096666666666593
Model 2,10,2.6,0.3,20.099388888888843
Model 2,10,2.6,0.4,15.102472222222204
Model 2,10,2.6,0.5,12.104611111111158
Model 2,11,2.6,0.2,27.405555555555445
Model 2,11,2.6,0.3,18.305611111111123
Model 2,11,2.6,0.4,13.755749999999992
Model 2,11,2.6,0.5,11.026500000000036
Model 2,12,2.6,0.2,24.673972222222137
Model 2,12,2.6,0.3,16.48408333333337
Model 2,12,2.6,0.4,12.38855555555556
Model 2,12,2.6,0.5,9.93188888888889
Model 2,13,2.6,0.2,21.913277777777814
Model 2,13,2.6,0.3,14.641361111111026
Model 2,13,2.6,0.4,11.0056388888889
Model 2,13,2.6,0.5,8.826333333333356
Model 2,14,2.6,0.2,19.24205555555557
Model 2,14,2.6,0.3,12.859166666666683
Model 2,14,2.6,0.4,9.6679722222222
Model 2,14,2.6,0.5,7.753611111111121
Model 2,15,2.6,0.2,16.641500000000004
Model 2,15,2.6,0.3,11.124027777777751
Model 2,15,2.6,0.4,8.365444444444448
Model 2,15,2.6,0.5,6.709472222222234
Model 2,10,2.8000000000000003,0.2,30.618722222222395
Model 2,10,2.8000000000000003,0.3,20.449444444444453
Model 2,10,2.8000000000000003,0.4,15.363916666666709
Model 2,10,2.8000000000000003,0.5,12.314027777777747
Model 2,11,2.8000000000000003,0.2,27.920222222222176
Model 2,11,2.8000000000000003,0.3,18.650388888888955
Model 2,11,2.8000000000000003,0.4,14.014138888888889
Model 2,11,2.8000000000000003,0.5,11.232888888888855
Model 2,12,2.8000000000000003,0.2,25.175277777777676
Model 2,12,2.8000000000000003,0.3,16.819972222222255
Model 2,12,2.8000000000000003,0.4,12.64061111111112
Model 2,12,2.8000000000000003,0.5,10.13277777777779
Model 2,13,2.8000000000000003,0.2,22.392944444444392
Model 2,13,2.8000000000000003,0.3,14.962916666666716
Model 2,13,2.8000000000000003,0.4,11.247138888888925
Model 2,13,2.8000000000000003,0.5,9.018750000000006
Model 2,14,2.8000000000000003,0.2,19.6975
Model 2,14,2.8000000000000003,0.3,13.164388888888919
Model 2,14,2.8000000000000003,0.4,9.896638888888926
Model 2,14,2.8000000000000003,0.5,7.936111111111115
Model 2,15,2.8000000000000003,0.2,17.06727777777778
Model 2,15,2.8000000000000003,0.3,11.408250000000038
Model 2,15,2.8000000000000003,0.4,8.578500000000005
Model 2,15,2.8000000000000003,0.5,6.879944444444448
Model 3,10,0,0.2,6.985666666666645
Model 3,10,0,0.3,4.6673611111111155
Model 3,10,0,0.4,3.5085555555555574
Model 3,10,0,0.5,2.8130277777777932
Model 3,11,0,0.2,6.2133055555555465
Model 3,11,0,0.3,4.151944444444438
Model 3,11,0,0.4,3.121388888888902
Model 3,11,0,0.5,2.503111111111128
Model 3,12,0,0.2,5.508333333333331
Model 3,12,0,0.3,3.6820833333333383
Model 3,12,0,0.4,2.7686388888888955
Model 3,12,0,0.5,2.220999999999998
Model 3,13,0,0.2,4.829249999999999
Model 3,13,0,0.3,3.2283611111111155
Model 3,13,0,0.4,2.42852777777779
Model 3,13,0,0.5,1.9486388888888948
Model 3,14,0,0.2,4.181555555555566
Model 3,14,0,0.3,2.7959166666666806
Model 3,14,0,0.4,2.103666666666674
Model 3,14,0,0.5,1.6886944444444467
Model 3,15,0,0.2,3.5702500000000024
Model 3,15,0,0.3,2.388166666666672
Model 3,15,0,0.4,1.797388888888896
Model 3,15,0,0.5,1.4424444444444473
Model 3,10,0.2,0.2,7.130972222222215
Model 3,10,0.2,0.3,4.763916666666651
Model 3,10,0.2,0.4,3.580388888888877
Model 3,10,0.2,0.5,2.8704444444444444
Model 3,11,0.2,0.2,6.3536111111111175
Model 3,11,0.2,0.3,4.245111111111095
Model 3,11,0.2,0.4,3.1913611111111186
Model 3,11,0.2,0.5,2.5590555555555627
Model 3,12,0.2,0.2,5.64288888888891
Model 3,12,0.2,0.3,3.7709444444444333
Model 3,12,0.2,0.4,2.835138888888889
Model 3,12,0.2,0.5,2.274555555555543
Model 3,13,0.2,0.2,4.958166666666653
Model 3,13,0.2,0.3,3.313833333333324
Model 3,13,0.2,0.4,2.4925833333333234
Model 3,13,0.2,0.5,1.9992777777777702
Model 3,14,0.2,0.2,4.302138888888864
Model 3,14,0.2,0.3,2.876722222222222
Model 3,14,0.2,0.4,2.1630555555555455
Model 3,14,0.2,0.5,1.7359722222222125
Model 3,15,0.2,0.2,3.682138888888875
Model 3,15,0.2,0.3,2.4626666666666557
Model 3,15,0.2,0.4,1.8524722222222143
Model 3,15,0.2,0.5,1.4867777777777695
Model 3,10,0.4,0.2,7.274555555555541
Model 3,10,0.4,0.3,4.859861111111103
Model 3,10,0.4,0.4,3.6528611111110956
Model 3,10,0.4,0.5,2.9277499999999756
Model 3,11,0.4,0.2,6.491972222222225
Model 3,11,0.4,0.3,4.3370277777777755
Model 3,11,0.4,0.4,3.2597499999999875
Model 3,11,0.4,0.5,2.6136666666666395
Model 3,12,0.4,0.2,5.775083333333324
Model 3,12,0.4,0.3,3.858638888888893
Model 3,12,0.4,0.4,2.9003888888888723
Model 3,12,0.4,0.5,2.325999999999996
Model 3,13,0.4,0.2,5.083305555555562
Model 3,13,0.4,0.3,3.397750000000003
Model 3,13,0.4,0.4,2.5547777777777645
Model 3,13,0.4,0.5,2.0488888888888894
Model 3,14,0.4,0.2,4.419611111111104
Model 3,14,0.4,0.3,2.9541666666666706
Model 3,14,0.4,0.4,2.221916666666659
Model 3,14,0.4,0.5,1.7824166666666634
Model 3,15,0.4,0.2,3.7895277777777996
Model 3,15,0.4,0.3,2.533805555555565
Model 3,15,0.4,0.4,1.905611111111107
Model 3,15,0.4,0.5,1.5289722222222284
Model 3,10,0.6000000000000001,0.2,7.415527777777798
Model 3,10,0.6000000000000001,0.3,4.953805555555555
Model 3,10,0.6000000000000001,0.4,3.7222222222222388
Model 3,10,0.6000000000000001,0.5,2.984444444444435
Model 3,11,0.6000000000000001,0.2,6.627055555555558
Model 3,11,0.6000000000000001,0.3,4.427583333333336
Model 3,11,0.6000000000000001,0.4,3.3272222222222196
Model 3,11,0.6000000000000001,0.5,2.6672499999999992
Model 3,12,0.6000000000000001,0.2,5.903472222222201
Model 3,12,0.6000000000000001,0.3,3.9450277777777982
Model 3,12,0.6000000000000001,0.4,2.9657222222222295
Model 3,12,0.6000000000000001,0.5,2.3776111111111007
Model 3,13,0.6000000000000001,0.2,5.203666666666652
Model 3,13,0.6000000000000001,0.3,3.477611111111127
Model 3,13,0.6000000000000001,0.4,2.6145555555555604
Model 3,13,0.6000000000000001,0.5,2.096805555555543
Model 3,14,0.6000000000000001,0.2,4.532472222222214
Model 3,14,0.6000000000000001,0.3,3.030027777777784
Model 3,14,0.6000000000000001,0.4,2.2784444444444465
Model 3,14,0.6000000000000001,0.5,1.8271666666666553
Model 3,15,0.6000000000000001,0.2,3.8924166666666546
Model 3,15,0.6000000000000001,0.3,2.602444444444454
Model 3,15,0.6000000000000001,0.4,1.9566388888888928
Model 3,15,0.6000000000000001,0.5,1.5701388888888774
Model 3,10,0.8,0.2,7.555750000000017
Model 3,10,0.8,0.3,5.047333333333338
Model 3,10,0.8,0.4,3.7923055555555725
Model 3,10,0.8,0.5,3.039416666666683
Model 3,11,0.8,0.2,6.759861111111085
Model 3,11,0.8,0.3,4.5149166666666565
Model 3,11,0.8,0.4,3.3937500000000065
Model 3,11,0.8,0.5,2.7213611111111224
Model 3,12,0.8,0.2,6.029472222222223
Model 3,12,0.8,0.3,4.02913888888888
Model 3,12,0.8,0.4,3.0282777777777987
Model 3,12,0.8,0.5,2.427805555555566
Model 3,13,0.8,0.2,5.323749999999995
Model 3,13,0.8,0.3,3.5565833333333234
Model 3,13,0.8,0.4,2.6738055555555715
Model 3,13,0.8,0.5,2.1443611111111167
Model 3,14,0.8,0.2,4.6419166666666865
Model 3,14,0.8,0.3,3.101472222222215
Model 3,14,0.8,0.4,2.3312777777777893
Model 3,14,0.8,0.5,1.869472222222228
Model 3,15,0.8,0.2,3.991194444444462
Model 3,15,0.8,0.3,2.666722222222211
Model 3,15,0.8,0.4,2.005194444444457
Model 3,15,0.8,0.5,1.6089166666666703
Model 3,10,1.0,0.2,7.694277777777765
Model 3,10,1.0,0.3,5.139555555555556
Model 3,10,1.0,0.4,3.861805555555549
Model 3,10,1.0,0.5,3.0945000000000196
Model 3,11,1.0,0.2,6.932277777777763
Model 3,11,1.0,0.3,4.630027777777784
Model 3,11,1.0,0.4,3.480388888888885
Model 3,11,1.0,0.5,2.7894166666666904
Model 3,12,1.0,0.2,6.152499999999992
Model 3,12,1.0,0.3,4.110138888888887
Model 3,12,1.0,0.4,3.088777777777778
Model 3,12,1.0,0.5,2.4760000000000204
Model 3,13,1.0,0.2,5.44005555555555
Model 3,13,1.0,0.3,3.6341388888888884
Model 3,13,1.0,0.4,2.731305555555551
Model 3,13,1.0,0.5,2.18916666666667
Model 3,14,1.0,0.2,4.744444444444416
Model 3,14,1.0,0.3,3.169472222222219
Model 3,14,1.0,0.4,2.381833333333321
Model 3,14,1.0,0.5,1.9105555555555642
Model 3,15,1.0,0.2,4.0845555555555295
Model 3,15,1.0,0.3,2.7292499999999924
Model 3,15,1.0,0.4,2.0519444444444375
Model 3,15,1.0,0.5,1.6448611111111169
Model 3,10,1.2,0.2,7.83052777777774
Model 3,10,1.2,0.3,5.229527777777777
Model 3,10,1.2,0.4,3.929333333333299
Model 3,10,1.2,0.5,3.1483055555555586
Model 3,11,1.2,0.2,7.061111111111096
Model 3,11,1.2,0.3,4.716277777777785
Model 3,11,1.2,0.4,3.544361111111084
Model 3,11,1.2,0.5,2.8404722222222203
Model 3,12,1.2,0.2,6.27327777777776
Model 3,12,1.2,0.3,4.1906388888889
Model 3,12,1.2,0.4,3.148305555555537
Model 3,12,1.2,0.5,2.5240555555555506
Model 3,13,1.2,0.2,5.5501944444444575
Model 3,13,1.2,0.3,3.707222222222243
Model 3,13,1.2,0.4,2.7856944444444327
Model 3,13,1.2,0.5,2.2329444444444295
Model 3,14,1.2,0.2,4.844111111111108
Model 3,14,1.2,0.3,3.236750000000018
Model 3,14,1.2,0.4,2.4322499999999843
Model 3,14,1.2,0.5,1.949222222222212
Model 3,15,1.2,0.2,4.172527777777787
Model 3,15,1.2,0.3,2.7867777777777945
Model 3,15,1.2,0.4,2.095333333333334
Model 3,15,1.2,0.5,1.6793611111111029
Model 3,10,1.4,0.2,7.959944444444428
Model 3,10,1.4,0.3,5.315944444444466
Model 3,10,1.4,0.4,3.99383333333333
Model 3,10,1.4,0.5,3.199805555555534
Model 3,11,1.4,0.2,7.185027777777775
Model 3,11,1.4,0.3,4.7983611111111015
Model 3,11,1.4,0.4,3.6049166666666665
Model 3,11,1.4,0.5,2.889194444444427
Model 3,12,1.4,0.2,6.387527777777782
Model 3,12,1.4,0.3,4.2665277777777595
Model 3,12,1.4,0.4,3.2055277777777804
Model 3,12,1.4,0.5,2.5682499999999835
Model 3,13,1.4,0.2,5.653833333333325
Model 3,13,1.4,0.3,3.77491666666665
Model 3,13,1.4,0.4,2.8360000000000047
Model 3,13,1.4,0.5,2.2727499999999945
Model 3,14,1.4,0.2,4.941055555555551
Model 3,14,1.4,0.3,3.300777777777772
Model 3,14,1.4,0.4,2.4802499999999905
Model 3,14,1.4,0.5,1.9878333333333305
Model 3,15,1.4,0.2,4.2577222222221955
Model 3,15,1.4,0.3,2.844666666666659
Model 3,15,1.4,0.4,2.1363333333333294
Model 3,15,1.4,0.5,1.7133333333333338
Model 3,10,1.5999999999999999,0.2,8.085472222222197
Model 3,10,1.5999999999999999,0.3,5.39900000000005
Model 3,10,1.5999999999999999,0.4,4.054944444444465
Model 3,10,1.5999999999999999,0.5,3.248888888888884
Model 3,11,1.5999999999999999,0.2,7.303972222222229
Model 3,11,1.5999999999999999,0.3,4.877777777777782
Model 3,11,1.5999999999999999,0.4,3.6654722222222538
Model 3,11,1.5999999999999999,0.5,2.9371388888888768
Model 3,12,1.5999999999999999,0.2,6.491416666666661
Model 3,12,1.5999999999999999,0.3,4.336194444444432
Model 3,12,1.5999999999999999,0.4,3.2562777777778016
Model 3,12,1.5999999999999999,0.5,2.6086388888888767
Model 3,13,1.5999999999999999,0.2,5.751472222222203
Model 3,13,1.5999999999999999,0.3,3.8397499999999924
Model 3,13,1.5999999999999999,0.4,2.88519444444447
Model 3,13,1.5999999999999999,0.5,2.3120277777777725
Model 3,14,1.5999999999999999,0.2,5.035138888888895
Model 3,14,1.5999999999999999,0.3,3.3602499999999984
Model 3,14,1.5999999999999999,0.4,2.525666666666683
Model 3,14,1.5999999999999999,0.5,2.0233888888888787
Model 3,15,1.5999999999999999,0.2,4.338027777777794
Model 3,15,1.5999999999999999,0.3,2.895249999999989
Model 3,15,1.5999999999999999,0.4,2.1744722222222315
Model 3,15,1.5999999999999999,0.5,1.7445833333333294
Model 3,10,1.7999999999999998,0.2,8.209277777777796
Model 3,10,1.7999999999999998,0.3,5.481666666666651
Model 3,10,1.7999999999999998,0.4,4.117277777777786
Model 3,10,1.7999999999999998,0.5,3.2988333333333477
Model 3,11,1.7999999999999998,0.2,7.420194444444485
Model 3,11,1.7999999999999998,0.3,4.955166666666657
Model 3,11,1.7999999999999998,0.4,3.7225000000000064
Model 3,11,1.7999999999999998,0.5,2.9811666666666765
Model 3,12,1.7999999999999998,0.2,6.59713888888889
Model 3,12,1.7999999999999998,0.3,4.404083333333355
Model 3,12,1.7999999999999998,0.4,3.3086944444444333
Model 3,12,1.7999999999999998,0.5,2.6523055555555644
Model 3,13,1.7999999999999998,0.2,5.845583333333352
Model 3,13,1.7999999999999998,0.3,3.904250000000015
Model 3,13,1.7999999999999998,0.4,2.9325277777777834
Model 3,13,1.7999999999999998,0.5,2.3498055555555615
Model 3,14,1.7999999999999998,0.2,5.117166666666654
Model 3,14,1.7999999999999998,0.3,3.4166111111111306
Model 3,14,1.7999999999999998,0.4,2.568555555555556
Model 3,14,1.7999999999999998,0.5,2.0565555555555495
Model 3,15,1.7999999999999998,0.2,4.416361111111099
Model 3,15,1.7999999999999998,0.3,2.9487500000000146
Model 3,15,1.7999999999999998,0.4,2.2140277777777744
Model 3,15,1.7999999999999998,0.5,1.774694444444444
Model 3,10,1.9999999999999998,0.2,8.328194444444438
Model 3,10,1.9999999999999998,0.3,5.5595277777777685
Model 3,10,1.9999999999999998,0.4,4.175944444444422
Model 3,10,1.9999999999999998,0.5,3.3445833333333597
Model 3,11,1.9999999999999998,0.2,7.525249999999969
Model 3,11,1.9999999999999998,0.3,5.024083333333354
Model 3,11,1.9999999999999998,0.4,3.774138888888845
Model 3,11,1.9999999999999998,0.5,3.0224166666666967
Model 3,12,1.9999999999999998,0.2,6.737527777777753
Model 3,12,1.9999999999999998,0.3,4.4975555555555555
Model 3,12,1.9999999999999998,0.4,3.376916666666617
Model 3,12,1.9999999999999998,0.5,2.7063611111111427
Model 3,13,1.9999999999999998,0.2,5.933388888888887
Model 3,13,1.9999999999999998,0.3,3.9596944444444415
Model 3,13,1.9999999999999998,0.4,2.974527777777751
Model 3,13,1.9999999999999998,0.5,2.384305555555581
Model 3,14,1.9999999999999998,0.2,5.191250000000002
Model 3,14,1.9999999999999998,0.3,3.466527777777781
Model 3,14,1.9999999999999998,0.4,2.6041388888888766
Model 3,14,1.9999999999999998,0.5,2.0868055555555713
Model 3,15,1.9999999999999998,0.2,4.4875277777777836
Model 3,15,1.9999999999999998,0.3,2.996833333333333
Model 3,15,1.9999999999999998,0.4,2.250527777777779
Model 3,15,1.9999999999999998,0.5,1.8041666666666727
Model 3,10,2.1999999999999997,0.2,8.44133333333335
Model 3,10,2.1999999999999997,0.3,5.636805555555546
Model 3,10,2.1999999999999997,0.4,4.232583333333344
Model 3,10,2.1999999999999997,0.5,3.391000000000017
Model 3,11,2.1999999999999997,0.2,7.6227499999999875
Model 3,11,2.1999999999999997,0.3,5.088861111111116
Model 3,11,2.1999999999999997,0.4,3.820361111111111
Model 3,11,2.1999999999999997,0.5,3.0610277777777837
Model 3,12,2.1999999999999997,0.2,6.828777777777786
Model 3,12,2.1999999999999997,0.3,4.560694444444416
Model 3,12,2.1999999999999997,0.4,3.4231944444444324
Model 3,12,2.1999999999999997,0.5,2.742388888888908
Model 3,13,2.1999999999999997,0.2,6.012111111111118
Model 3,13,2.1999999999999997,0.3,4.011694444444426
Model 3,13,2.1999999999999997,0.4,3.0144999999999995
Model 3,13,2.1999999999999997,0.5,2.415638888888888
Model 3,14,2.1999999999999997,0.2,5.269777777777783
Model 3,14,2.1999999999999997,0.3,3.517805555555544
Model 3,14,2.1999999999999997,0.4,2.6406111111111086
Model 3,14,2.1999999999999997,0.5,2.116416666666667
Model 3,15,2.1999999999999997,0.2,4.5601111111111035
Model 3,15,2.1999999999999997,0.3,3.043416666666651
Model 3,15,2.1999999999999997,0.4,2.286999999999988
Model 3,15,2.1999999999999997,0.5,1.8315833333333296
Model 3,10,2.4,0.2,8.549388888888876
Model 3,10,2.4,0.3,5.706499999999983
Model 3,10,2.4,0.4,4.2856944444444665
Model 3,10,2.4,0.5,3.432861111111079
Model 3,11,2.4,0.2,7.713694444444438
Model 3,11,2.4,0.3,5.152027777777786
Model 3,11,2.4,0.4,3.8681388888889137
Model 3,11,2.4,0.5,3.0987222222221846
Model 3,12,2.4,0.2,6.914472222222201
Model 3,12,2.4,0.3,4.615777777777803
Model 3,12,2.4,0.4,3.4656111111111305
Model 3,12,2.4,0.5,2.7757222222222078
Model 3,13,2.4,0.2,6.088527777777792
Model 3,13,2.4,0.3,4.064805555555582
Model 3,13,2.4,0.4,3.053555555555573
Model 3,13,2.4,0.5,2.445249999999986
Model 3,14,2.4,0.2,5.343527777777758
Model 3,14,2.4,0.3,3.5662222222222386
Model 3,14,2.4,0.4,2.679416666666687
Model 3,14,2.4,0.5,2.144611111111102
Model 3,15,2.4,0.2,4.619555555555571
Model 3,15,2.4,0.3,3.083527777777791
Model 3,15,2.4,0.4,2.316527777777783
Model 3,15,2.4,0.5,1.8558888888888838
Model 3,10,2.6,0.2,8.65088888888888
Model 3,10,2.6,0.3,5.773666666666671
Model 3,10,2.6,0.4,4.335138888888907
Model 3,10,2.6,0.5,3.4726944444444117
Model 3,11,2.6,0.2,7.808194444444473
Model 3,11,2.6,0.3,5.2110000000000065
Model 3,11,2.6,0.4,3.9138055555555695
Model 3,11,2.6,0.5,3.13444444444441
Model 3,12,2.6,0.2,7.000222222222241
Model 3,12,2.6,0.3,4.671638888888898
Model 3,12,2.6,0.4,3.5076388888888985
Model 3,12,2.6,0.5,2.8093888888888676
Model 3,13,2.6,0.2,6.164388888888918
Model 3,13,2.6,0.3,4.117083333333336
Model 3,13,2.6,0.4,3.092111111111112
Model 3,13,2.6,0.5,2.4767222222222096
Model 3,14,2.6,0.2,5.404388888888896
Model 3,14,2.6,0.3,3.6117222222222196
Model 3,14,2.6,0.4,2.7094166666666757
Model 3,14,2.6,0.5,2.1725555555555545
Model 3,15,2.6,0.2,4.680138888888885
Model 3,15,2.6,0.3,3.1220833333333435
Model 3,15,2.6,0.4,2.347999999999996
Model 3,15,2.6,0.5,1.8810277777777762
Model 3,10,2.8000000000000003,0.2,8.74291666666665
Model 3,10,2.8000000000000003,0.3,5.834666666666659
Model 3,10,2.8000000000000003,0.4,4.382638888888851
Model 3,10,2.8000000000000003,0.5,3.510277777777786
Model 3,11,2.8000000000000003,0.2,7.897333333333313
Model 3,11,2.8000000000000003,0.3,5.271694444444435
Model 3,11,2.8000000000000003,0.4,3.958055555555519
Model 3,11,2.8000000000000003,0.5,3.169527777777789
Model 3,12,2.8000000000000003,0.2,7.075416666666695
Model 3,12,2.8000000000000003,0.3,4.722722222222202
Model 3,12,2.8000000000000003,0.4,3.5451944444444194
Model 3,12,2.8000000000000003,0.5,2.840750000000007
Model 3,13,2.8000000000000003,0.2,6.244722222222207
Model 3,13,2.8000000000000003,0.3,4.169388888888862
Model 3,13,2.8000000000000003,0.4,3.129972222222196
Model 3,13,2.8000000000000003,0.5,2.50686111111111
Model 3,14,2.8000000000000003,0.2,5.47233333333334
Model 3,14,2.8000000000000003,0.3,3.651249999999975
Model 3,14,2.8000000000000003,0.4,2.7429444444444324
Model 3,14,2.8000000000000003,0.5,2.1956388888888902
Model 3,15,2.8000000000000003,0.2,4.743944444444445
Model 3,15,2.8000000000000003,0.3,3.1654166666666534
Model 3,15,2.8000000000000003,0.4,2.377305555555553
Model 3,15,2.8000000000000003,0.5,1.903999999999995
Model 4,10,0,0.2,7.110527777777764
Model 4,10,0,0.3,4.753722222222217
Model 4,10,0,0.4,3.5760833333333415
Model 4,10,0,0.5,2.8691388888889033
Model 4,11,0,0.2,6.362277777777765
Model 4,11,0,0.3,4.252111111111113
Model 4,11,0,0.4,3.196722222222235
Model 4,11,0,0.5,2.5632222222222354
Model 4,12,0,0.2,5.641222222222211
Model 4,12,0,0.3,3.7707777777777873
Model 4,12,0,0.4,2.8354444444444615
Model 4,12,0,0.5,2.2741944444444515
Model 4,13,0,0.2,4.946583333333355
Model 4,13,0,0.3,3.3070833333333405
Model 4,13,0,0.4,2.4871666666666776
Model 4,13,0,0.5,1.9956388888888952
Model 4,14,0,0.2,4.283472222222226
Model 4,14,0,0.3,2.865277777777787
Model 4,14,0,0.4,2.155416666666666
Model 4,14,0,0.5,1.729416666666672
Model 4,15,0,0.2,3.6395277777777832
Model 4,15,0,0.3,2.437138888888895
Model 4,15,0,0.4,1.8352222222222299
Model 4,15,0,0.5,1.4748055555555635
Model 4,10,0.2,0.2,7.299388888888888
Model 4,10,0.2,0.3,4.87686111111109
Model 4,10,0.2,0.4,3.6649722222222123
Model 4,10,0.2,0.5,2.9384166666666705
Model 4,11,0.2,0.2,6.506305555555589
Model 4,11,0.2,0.3,4.347083333333319
Model 4,11,0.2,0.4,3.2677500000000097
Model 4,11,0.2,0.5,2.6201944444444445
Model 4,12,0.2,0.2,5.779166666666679
Model 4,12,0.2,0.3,3.861944444444442
Model 4,12,0.2,0.4,2.9036388888888864
Model 4,12,0.2,0.5,2.328999999999995
Model 4,13,0.2,0.2,5.078166666666648
Model 4,13,0.2,0.3,3.394472222222209
Model 4,13,0.2,0.4,2.552388888888885
Model 4,13,0.2,0.5,2.0477222222222156
Model 4,14,0.2,0.2,4.407277777777759
Model 4,14,0.2,0.3,2.946833333333321
Model 4,14,0.2,0.4,2.216888888888878
Model 4,14,0.2,0.5,1.7784722222222167
Model 4,15,0.2,0.2,3.7732499999999844
Model 4,15,0.2,0.3,2.5229166666666645
Model 4,15,0.2,0.4,1.8983055555555466
Model 4,15,0.2,0.5,1.5234166666666582
Model 4,10,0.4,0.2,7.447027777777779
Model 4,10,0.4,0.3,4.9741944444444455
Model 4,10,0.4,0.4,3.738694444444426
Model 4,10,0.4,0.5,2.997111111111079
Model 4,11,0.4,0.2,6.647277777777761
Model 4,11,0.4,0.3,4.44147222222222
Model 4,11,0.4,0.4,3.3381944444444343
Model 4,11,0.4,0.5,2.676722222222199
Model 4,12,0.4,0.2,5.913694444444444
Model 4,12,0.4,0.3,3.9524444444444375
Model 4,12,0.4,0.4,2.9709166666666413
Model 4,12,0.4,0.5,2.3829999999999982
Model 4,13,0.4,0.2,5.206611111111106
Model 4,13,0.4,0.3,3.4798611111111084
Model 4,13,0.4,0.4,2.616444444444429
Model 4,13,0.4,0.5,2.0984166666666666
Model 4,14,0.4,0.2,4.527694444444455
Model 4,14,0.4,0.3,3.0269166666666765
Model 4,14,0.4,0.4,2.2758611111111025
Model 4,14,0.4,0.5,1.8263333333333325
Model 4,15,0.4,0.2,3.883361111111136
Model 4,15,0.4,0.3,2.597027777777771
Model 4,15,0.4,0.4,1.9533055555555514
Model 4,15,0.4,0.5,1.5668888888888897
Model 4,10,0.6000000000000001,0.2,7.591611111111157
Model 4,10,0.6000000000000001,0.3,5.0713333333333255
Model 4,10,0.6000000000000001,0.4,3.810833333333351
Model 4,10,0.6000000000000001,0.5,3.0551111111111044
Model 4,11,0.6000000000000001,0.2,6.7855000000000025
Model 4,11,0.6000000000000001,0.3,4.533416666666691
Model 4,11,0.6000000000000001,0.4,3.4071111111111088
Model 4,11,0.6000000000000001,0.5,2.731805555555544
Model 4,12,0.6000000000000001,0.2,6.046166666666638
Model 4,12,0.6000000000000001,0.3,4.039916666666684
Model 4,12,0.6000000000000001,0.4,3.0370277777777837
Model 4,12,0.6000000000000001,0.5,2.434916666666659
Model 4,13,0.6000000000000001,0.2,5.331388888888871
Model 4,13,0.6000000000000001,0.3,3.562722222222236
Model 4,13,0.6000000000000001,0.4,2.677944444444452
Model 4,13,0.6000000000000001,0.5,2.147861111111099
Model 4,14,0.6000000000000001,0.2,4.644472222222201
Model 4,14,0.6000000000000001,0.3,3.1046944444444495
Model 4,14,0.6000000000000001,0.4,2.3339722222222266
Model 4,14,0.6000000000000001,0.5,1.8718888888888756
Model 4,15,0.6000000000000001,0.2,3.9893888888888727
Model 4,15,0.6000000000000001,0.3,2.666750000000014
Model 4,15,0.6000000000000001,0.4,2.0062500000000014
Model 4,15,0.6000000000000001,0.5,1.6089722222222074
Model 4,10,0.8,0.2,7.735499999999953
Model 4,10,0.8,0.3,5.165805555555571
Model 4,10,0.8,0.4,3.8818888888889025
Model 4,10,0.8,0.5,3.1115555555555754
Model 4,11,0.8,0.2,6.921833333333324
Model 4,11,0.8,0.3,4.624055555555549
Model 4,11,0.8,0.4,3.474583333333344
Model 4,11,0.8,0.5,2.785944444444454
Model 4,12,0.8,0.2,6.177444444444416
Model 4,12,0.8,0.3,4.126111111111088
Model 4,12,0.8,0.4,3.101638888888905
Model 4,12,0.8,0.5,2.4865555555555705
Model 4,13,0.8,0.2,5.452555555555568
Model 4,13,0.8,0.3,3.6439722222222057
Model 4,13,0.8,0.4,2.7389444444444604
Model 4,13,0.8,0.5,2.196138888888898
Model 4,14,0.8,0.2,4.757111111111125
Model 4,14,0.8,0.3,3.1784444444444304
Model 4,14,0.8,0.4,2.389833333333344
Model 4,14,0.8,0.5,1.9163333333333374
Model 4,15,0.8,0.2,4.090138888888904
Model 4,15,0.8,0.3,2.7342777777777703
Model 4,15,0.8,0.4,2.0560277777777953
Model 4,15,0.8,0.5,1.6486666666666696
Model 4,10,1.0,0.2,7.876888888888885
Model 4,10,1.0,0.3,5.261111111111116
Model 4,10,1.0,0.4,3.9534166666666573
Model 4,10,1.0,0.5,3.1684444444444693
Model 4,11,1.0,0.2,7.057611111111106
Model 4,11,1.0,0.3,4.7173611111111065
Model 4,11,1.0,0.4,3.547861111111104
Model 4,11,1.0,0.5,2.8454722222222406
Model 4,12,1.0,0.2,6.302611111111106
Model 4,12,1.0,0.3,4.210333333333333
Model 4,12,1.0,0.4,3.164277777777772
Model 4,12,1.0,0.5,2.536666666666686
Model 4,13,1.0,0.2,5.5730000000000075
Model 4,13,1.0,0.3,3.7234166666666684
Model 4,13,1.0,0.4,2.798749999999999
Model 4,13,1.0,0.5,2.2437500000000106
Model 4,14,1.0,0.2,4.863277777777762
Model 4,14,1.0,0.3,3.2487499999999994
Model 4,14,1.0,0.4,2.441249999999985
Model 4,14,1.0,0.5,1.957555555555568
Model 4,15,1.0,0.2,4.187249999999972
Model 4,15,1.0,0.3,2.798083333333323
Model 4,15,1.0,0.4,2.1037499999999847
Model 4,15,1.0,0.5,1.6862500000000082
Model 4,10,1.2,0.2,8.015777777777748
Model 4,10,1.2,0.3,5.3544444444444235
Model 4,10,1.2,0.4,4.0224999999999715
Model 4,10,1.2,0.5,3.224333333333344
Model 4,11,1.2,0.2,7.228611111111085
Model 4,11,1.2,0.3,4.828472222222223
Model 4,11,1.2,0.4,3.628249999999971
Model 4,11,1.2,0.5,2.907888888888887
Model 4,12,1.2,0.2,6.425916666666664
Model 4,12,1.2,0.3,4.292305555555562
Model 4,12,1.2,0.4,3.2245555555555416
Model 4,12,1.2,0.5,2.5851666666666606
Model 4,13,1.2,0.2,5.687111111111117
Model 4,13,1.2,0.3,3.7978055555555725
Model 4,13,1.2,0.4,2.854194444444428
Model 4,13,1.2,0.5,2.287999999999989
Model 4,14,1.2,0.2,4.964083333333341
Model 4,14,1.2,0.3,3.3168333333333475
Model 4,14,1.2,0.4,2.493666666666656
Model 4,14,1.2,0.5,1.9986111111111027
Model 4,15,1.2,0.2,4.2791388888889
Model 4,15,1.2,0.3,2.8580833333333446
Model 4,15,1.2,0.4,2.148722222222224
Model 4,15,1.2,0.5,1.7220833333333274
Model 4,10,1.4,0.2,8.151194444444446
Model 4,10,1.4,0.3,5.4431388888889245
Model 4,10,1.4,0.4,4.089138888888893
Model 4,10,1.4,0.5,3.276944444444412
Model 4,11,1.4,0.2,7.358944444444461
Model 4,11,1.4,0.3,4.91461111111111
Model 4,11,1.4,0.4,3.692166666666679
Model 4,11,1.4,0.5,2.9576944444444213
Model 4,12,1.4,0.2,6.544527777777762
Model 4,12,1.4,0.3,4.371027777777768
Model 4,12,1.4,0.4,3.2838611111111162
Model 4,12,1.4,0.5,2.632888888888875
Model 4,13,1.4,0.2,5.793361111111117
Model 4,13,1.4,0.3,3.8694444444444267
Model 4,13,1.4,0.4,2.906805555555556
Model 4,13,1.4,0.5,2.3297222222222236
Model 4,14,1.4,0.2,5.063805555555531
Model 4,14,1.4,0.3,3.383611111111104
Model 4,14,1.4,0.4,2.542749999999998
Model 4,14,1.4,0.5,2.0378333333333303
Model 4,15,1.4,0.2,4.3683055555555335
Model 4,15,1.4,0.3,2.9173611111111013
Model 4,15,1.4,0.4,2.1930277777777727
Model 4,15,1.4,0.5,1.7567222222222225
Model 4,10,1.5999999999999999,0.2,8.283055555555523
Model 4,10,1.5999999999999999,0.3,5.528972222222256
Model 4,10,1.5999999999999999,0.4,4.153194444444462
Model 4,10,1.5999999999999999,0.5,3.3275277777777648
Model 4,11,1.5999999999999999,0.2,7.479416666666668
Model 4,11,1.5999999999999999,0.3,4.995416666666681
Model 4,11,1.5999999999999999,0.4,3.75291666666669
Model 4,11,1.5999999999999999,0.5,3.007749999999983
Model 4,12,1.5999999999999999,0.2,6.655472222222201
Model 4,12,1.5999999999999999,0.3,4.44336111111111
Model 4,12,1.5999999999999999,0.4,3.3387500000000183
Model 4,12,1.5999999999999999,0.5,2.6747777777777606
Model 4,13,1.5999999999999999,0.2,5.894694444444425
Model 4,13,1.5999999999999999,0.3,3.936472222222215
Model 4,13,1.5999999999999999,0.4,2.957055555555572
Model 4,13,1.5999999999999999,0.5,2.370777777777779
Model 4,14,1.5999999999999999,0.2,5.161000000000014
Model 4,14,1.5999999999999999,0.3,3.446972222222221
Model 4,14,1.5999999999999999,0.4,2.5888888888889126
Model 4,14,1.5999999999999999,0.5,2.0761111111110973
Model 4,15,1.5999999999999999,0.2,4.447277777777788
Model 4,15,1.5999999999999999,0.3,2.971027777777767
Model 4,15,1.5999999999999999,0.4,2.2317222222222357
Model 4,15,1.5999999999999999,0.5,1.7894722222222135
Model 4,10,1.7999999999999998,0.2,8.406444444444467
Model 4,10,1.7999999999999998,0.3,5.612749999999948
Model 4,10,1.7999999999999998,0.4,4.216694444444463
Model 4,10,1.7999999999999998,0.5,3.377472222222233
Model 4,11,1.7999999999999998,0.2,7.599499999999986
Model 4,11,1.7999999999999998,0.3,5.075472222222231
Model 4,11,1.7999999999999998,0.4,3.8125277777777895
Model 4,11,1.7999999999999998,0.5,3.053916666666678
Model 4,12,1.7999999999999998,0.2,6.758972222222232
Model 4,12,1.7999999999999998,0.3,4.512277777777794
Model 4,12,1.7999999999999998,0.4,3.3900000000000015
Model 4,12,1.7999999999999998,0.5,2.717666666666676
Model 4,13,1.7999999999999998,0.2,5.993444444444434
Model 4,13,1.7999999999999998,0.3,4.002694444444455
Model 4,13,1.7999999999999998,0.4,3.0063055555555667
Model 4,13,1.7999999999999998,0.5,2.4097500000000065
Model 4,14,1.7999999999999998,0.2,5.248777777777773
Model 4,14,1.7999999999999998,0.3,3.5057777777777948
Model 4,14,1.7999999999999998,0.4,2.6340555555555523
Model 4,14,1.7999999999999998,0.5,2.1091666666666655
Model 4,15,1.7999999999999998,0.2,4.531083333333321
Model 4,15,1.7999999999999998,0.3,3.0251111111111286
Model 4,15,1.7999999999999998,0.4,2.27280555555555
Model 4,15,1.7999999999999998,0.5,1.8219166666666655
Model 4,10,1.9999999999999998,0.2,8.52794444444442
Model 4,10,1.9999999999999998,0.3,5.695111111111105
Model 4,10,1.9999999999999998,0.4,4.276888888888854
Model 4,10,1.9999999999999998,0.5,3.426916666666684
Model 4,11,1.9999999999999998,0.2,7.708277777777757
Model 4,11,1.9999999999999998,0.3,5.149083333333339
Model 4,11,1.9999999999999998,0.4,3.8664444444443933
Model 4,11,1.9999999999999998,0.5,3.097833333333359
Model 4,12,1.9999999999999998,0.2,6.8671666666666455
Model 4,12,1.9999999999999998,0.3,4.587166666666653
Model 4,12,1.9999999999999998,0.4,3.447861111111058
Model 4,12,1.9999999999999998,0.5,2.763138888888919
Model 4,13,1.9999999999999998,0.2,6.082722222222213
Model 4,13,1.9999999999999998,0.3,4.061777777777788
Model 4,13,1.9999999999999998,0.4,3.0507222222221984
Model 4,13,1.9999999999999998,0.5,2.4440000000000226
Model 4,14,1.9999999999999998,0.2,5.326888888888892
Model 4,14,1.9999999999999998,0.3,3.5573055555555553
Model 4,14,1.9999999999999998,0.4,2.6712499999999864
Model 4,14,1.9999999999999998,0.5,2.1402222222222345
Model 4,15,1.9999999999999998,0.2,4.602500000000018
Model 4,15,1.9999999999999998,0.3,3.0744722222222234
Model 4,15,1.9999999999999998,0.4,2.309666666666661
Model 4,15,1.9999999999999998,0.5,1.8504166666666766
Model 4,10,2.1999999999999997,0.2,8.645944444444417
Model 4,10,2.1999999999999997,0.3,5.772750000000015
Model 4,10,2.1999999999999997,0.4,4.3351388888888955
Model 4,10,2.1999999999999997,0.5,3.4741388888888975
Model 4,11,2.1999999999999997,0.2,7.814194444444468
Model 4,11,2.1999999999999997,0.3,5.216500000000002
Model 4,11,2.1999999999999997,0.4,3.9174444444444494
Model 4,11,2.1999999999999997,0.5,3.138305555555576
Model 4,12,2.1999999999999997,0.2,6.998000000000015
Model 4,12,2.1999999999999997,0.3,4.672194444444431
Model 4,12,2.1999999999999997,0.4,3.5089999999999995
Model 4,12,2.1999999999999997,0.5,2.8117777777777913
Model 4,13,2.1999999999999997,0.2,6.171055555555591
Model 4,13,2.1999999999999997,0.3,4.118833333333312
Model 4,13,2.1999999999999997,0.4,3.0953055555555626
Model 4,13,2.1999999999999997,0.5,2.4777777777777796
Model 4,14,2.1999999999999997,0.2,5.407888888888882
Model 4,14,2.1999999999999997,0.3,3.608722222222209
Model 4,14,2.1999999999999997,0.4,2.712166666666672
Model 4,14,2.1999999999999997,0.5,2.171861111111113
Model 4,15,2.1999999999999997,0.2,4.677972222222211
Model 4,15,2.1999999999999997,0.3,3.1225277777777687
Model 4,15,2.1999999999999997,0.4,2.345416666666654
Model 4,15,2.1999999999999997,0.5,1.8808333333333342
Model 4,10,2.4,0.2,8.763194444444455
Model 4,10,2.4,0.3,5.8481111111111215
Model 4,10,2.4,0.4,4.3921111111111335
Model 4,10,2.4,0.5,3.5188611111110735
Model 4,11,2.4,0.2,7.913833333333317
Model 4,11,2.4,0.3,5.282250000000007
Model 4,11,2.4,0.4,3.966333333333361
Model 4,11,2.4,0.5,3.175694444444411
Model 4,12,2.4,0.2,7.092888888888916
Model 4,12,2.4,0.3,4.733333333333348
Model 4,12,2.4,0.4,3.5538611111111424
Model 4,12,2.4,0.5,2.846666666666655
Model 4,13,2.4,0.2,6.246249999999989
Model 4,13,2.4,0.3,4.170555555555573
Model 4,13,2.4,0.4,3.131944444444463
Model 4,13,2.4,0.5,2.5085833333333185
Model 4,14,2.4,0.2,5.4812500000000295
Model 4,14,2.4,0.3,3.6606944444444585
Model 4,14,2.4,0.4,2.749694444444472
Model 4,14,2.4,0.5,2.201861111111107
Model 4,15,2.4,0.2,4.747583333333335
Model 4,15,2.4,0.3,3.170472222222237
Model 4,15,2.4,0.4,2.379666666666674
Model 4,15,2.4,0.5,1.9062499999999933
Model 4,10,2.6,0.2,8.86622222222223
Model 4,10,2.6,0.3,5.918611111111138
Model 4,10,2.6,0.4,4.443111111111127
Model 4,10,2.6,0.5,3.5597222222221827
Model 4,11,2.6,0.2,8.00411111111111
Model 4,11,2.6,0.3,5.3413055555555875
Model 4,11,2.6,0.4,4.011666666666669
Model 4,11,2.6,0.5,3.214111111111081
Model 4,12,2.6,0.2,7.178805555555591
Model 4,12,2.6,0.3,4.792361111111119
Model 4,12,2.6,0.4,3.5981111111111295
Model 4,12,2.6,0.5,2.882249999999974
Model 4,13,2.6,0.2,6.325250000000007
Model 4,13,2.6,0.3,4.222944444444446
Model 4,13,2.6,0.4,3.1699444444444436
Model 4,13,2.6,0.5,2.539555555555543
Model 4,14,2.6,0.2,5.555555555555561
Model 4,14,2.6,0.3,3.706666666666671
Model 4,14,2.6,0.4,2.7839444444444505
Model 4,14,2.6,0.5,2.2282777777777785
Model 4,15,2.6,0.2,4.806416666666675
Model 4,15,2.6,0.3,3.2084166666666745
Model 4,15,2.6,0.4,2.4109166666666715
Model 4,15,2.6,0.5,1.929666666666666
Model 4,10,2.8000000000000003,0.2,8.966222222222246
Model 4,10,2.8000000000000003,0.3,5.984638888888904
Model 4,10,2.8000000000000003,0.4,4.492333333333299
Model 4,10,2.8000000000000003,0.5,3.597555555555575
Model 4,11,2.8000000000000003,0.2,8.101499999999998
Model 4,11,2.8000000000000003,0.3,5.40652777777777
Model 4,11,2.8000000000000003,0.4,4.060694444444414
Model 4,11,2.8000000000000003,0.5,3.250583333333334
Model 4,12,2.8000000000000003,0.2,7.262527777777782
Model 4,12,2.8000000000000003,0.3,4.845777777777762
Model 4,12,2.8000000000000003,0.4,3.6391666666666476
Model 4,12,2.8000000000000003,0.5,2.9142777777777766
Model 4,13,2.8000000000000003,0.2,6.405611111111116
Model 4,13,2.8000000000000003,0.3,4.274527777777757
Model 4,13,2.8000000000000003,0.4,3.211638888888861
Model 4,13,2.8000000000000003,0.5,2.572666666666667
Model 4,14,2.8000000000000003,0.2,5.6221944444444265
Model 4,14,2.8000000000000003,0.3,3.7529999999999806
Model 4,14,2.8000000000000003,0.4,2.8168333333333173
Model 4,14,2.8000000000000003,0.5,2.2563888888888854
Model 4,15,2.8000000000000003,0.2,4.867611111111111
Model 4,15,2.8000000000000003,0.3,3.2493055555555403
Model 4,15,2.8000000000000003,0.4,2.440000000000002
Model 4,15,2.8000000000000003,0.5,1.9546944444444405
