8.145905221809244,30.0
8.290842792084337,30.0
8.434819128344003,30.0
8.577840605545614,30.0
8.719913556367466,30.0
8.861044271489195,30.0
9.001238999870292,30.0
9.140503949026797,30.0
9.278845285306168,30.0
9.416269134160302,30.0
9.55278158041676,30.0
9.688388668548185,30.0
9.823096402939939,30.0
9.95691074815597,30.0
10.089837629202915,30.0
10.223904362805605,30.0
10.357068346911628,30.0
10.489335660259773,30.0
10.620712340657121,30.0
10.751204385254702,30.0
10.880817750821215,30.0
11.009558354014967,30.0
11.137432071653958,30.0
11.264444740984139,30.0
11.390602159945885,30.0
11.515910087438652,30.0
11.640374243583874,30.0
11.764000309986066,30.0
11.88679392999219,30.0
12.00876070894926,30.0
12.129906214460227,30.0
12.250235976638116,30.0
12.369755488358479,30.0
12.48847020551013,30.0
12.606385547244205,30.0
12.72350689622154,30.0
12.839839598858376,30.0
12.955388965570407,30.0
13.070160271015212,30.0
13.184158754333016,30.0
13.297389619385868,30.0
13.409858034995164,30.0
13.521569135177629,30.0
13.632528019379645,30.0
13.742739752710055,30.0
13.852209366171365,30.0
13.960941856889416,30.0
14.068942188341483,30.0
14.17621529058285,30.0
14.28276606047187,30.0
14.388599361893489,30.0
14.49372002598128,30.0
14.59813285133798,30.0
14.70184260425453,30.0
14.804854018927658,30.0
14.907171797675986,30.0
15.008800611154678,30.0
15.111266963514051,30.0
15.213032948071389,30.0
15.314103351910907,30.0
15.414482929396627,30.0
15.514176402396002,30.0
15.613188460502057,30.0
15.711523761253977,30.0
15.809186930356196,30.0
15.906182561895994,30.0
16.00251521855961,30.0
16.098189431846855,30.0
16.193209702284292,30.0
16.28758049963693,30.0
16.381306263118486,30.0
16.4743914016002,30.0
16.566840293818245,30.0
16.65865728857969,30.0
16.749846704967062,30.0
16.84041283254154,30.0
16.930359931544707,30.0
17.01969223309898,30.0
17.108413939406617,30.0
17.196529223947415,30.0
17.28404223167501,30.0
17.370957079211863,30.0
17.457277855042918,30.0
17.543008619707898,30.0
17.62815340599234,30.0
17.712716219117283,30.0
17.796701036927683,30.0
17.88011181007952,30.0
17.96295246222565,30.0
18.045226890200365,30.0
18.1269389642027,30.0
18.2080925279785,30.0
18.28869139900121,30.0
18.368739368651468,30.0
18.448240202395446,30.0
18.527197639961976,30.0
18.60561539551847,30.0
18.683497157845622,30.0
18.760846590510955,30.0
18.837667332041125,30.0
18.913962996093105,30.0
18.989737171624157,30.0
19.06499342306066,30.0
19.139735290465776,30.0
19.213966289705986,30.0
19.287689912616468,30.0
19.360909627165356,30.0
19.433628877616876,30.0
19.505851084693358,30.0
19.577579645736154,30.0
19.64881793486545,30.0
19.719569303138975,30.0
19.789837078709652,30.0
19.85962456698214,30.0
19.928935050768324,30.0
19.997771790441732,30.0
20.066138024090925,30.0
20.135018788354603,30.0
20.20342193779969,30.0
20.271350784176818,30.0
20.338808616273162,30.0
20.405798700071653,30.0
20.4723242789091,30.0
20.538388573633224,30.0
20.603994782758598,30.0
20.6691460826215,30.0
20.733845627533682,30.0
20.798096549935117,30.0
20.86190196054563,30.0
20.92526494851552,30.0
20.988188581575102,30.0
21.05067590618326,30.0
21.112729947674914,30.0
21.17435371040752,30.0
21.235550177906497,30.0
21.296322313009696,30.0
21.35667305801084,30.0
21.41660533480197,30.0
21.47612204501492,30.0
21.535226070161798,30.0
21.593920271774476,30.0
21.65220749154316,30.0
21.710090551453955,30.0
21.767572253925497,30.0
21.824655381944623,30.0
21.88134269920112,30.0
21.93763695022153,30.0
21.99354086050202,30.0
22.049057136640343,30.0
22.104188466466873,30.0
22.158937519174742,30.0
22.21330694544907,30.0
22.267299377595286,30.0
22.320917429666594,30.0
22.37416369759051,30.0
22.427040759294563,30.0
22.479551174831087,30.0
22.531697486501187,30.0
22.58348221897781,30.0
22.63490787942798,30.0
22.685976957634193,30.0
22.73669192611494,30.0
22.787055240244435,30.0
22.83706933837148,30.0
22.88673664193753,30.0
22.936059555593914,30.0
22.985040467318257,30.0
23.033681748530107,30.0
23.08198575420574,30.0
23.129954822992175,30.0
23.177591277320403,30.0
23.224897423517824,30.0
23.271875551919916,30.0
23.318527936981113,30.0
23.36485683738493,30.0
23.410864496153316,30.0
23.456553140755243,30.0
23.50192498321456,30.0
23.546982220217085,30.0
23.591727033216955,30.0
23.636161588542244,30.0
23.680288037499842,30.0
23.724108516479617,30.0
23.76762514705785,30.0
23.810840036099943,30.0
23.85375527586243,30.0
23.89637294409427,30.0
23.938695104137448,30.0
23.980723805026862,30.0
24.022461081589533,30.0
24.063908954543123,30.0
24.105069430593772,30.0
24.14594450253324,30.0
24.1865361493354,30.0
24.226846336252045,30.0
24.26687701490804,30.0
24.306630123395806,30.0
24.346107586369154,30.0
24.38531131513647,30.0
24.42424320775325,30.0
24.462905149113997,30.0
24.50129901104347,30.0
24.539426652387323,30.0
24.577289919102082,30.0
24.614890644344534,30.0
24.652230648560476,30.0
24.689311739572847,30.0
24.72613571266926,30.0
24.76270435068892,30.0
24.79901942410893,30.0
24.835082691130026,30.0
24.87089589776169,30.0
24.906460777906688,30.0
24.94177905344501,30.0
24.976852434317244,30.0
25.01168261860736,30.0
25.046764267642757,30.0
25.08159919578914,30.0
25.1161891381758,30.0
25.150535817729285,30.0
25.184640945259215,30.0
25.21850621954348,30.0
25.252133327412885,30.0
25.285523943835145,30.0
25.318679731998326,30.0
25.35160234339369,30.0
25.384293417897958,30.0
25.41675458385498,30.0
25.448987458156857,30.0
25.48099364632447,30.0
25.51277474258746,30.0
25.54433232996362,30.0
25.575667980337766,30.0
25.606783254540012,30.0
25.637679702423533,30.0
25.66835886294175,30.0
25.698822264225,30.0
25.729071423656634,30.0
25.759107847948606,30.0
25.78893303321653,30.0
25.818548465054192,30.0
25.84795561860755,30.0
25.87715595864821,30.0
25.906150939646395,30.0
25.934942005843375,30.0
25.96353059132342,30.0
25.991918120085227,30.0
26.02010600611285,30.0
26.04809565344613,30.0
26.075888456250624,30.0
26.103485798887057,30.0
26.13088905598028,30.0
26.158099592487726,30.0
26.185118763767417,30.0
26.211947915645453,30.0
26.238588384483073,30.0
26.265041497243192,30.0
26.291308571556517,30.0
26.317390915787172,30.0
26.34328982909787,30.0
26.369006601514613,30.0
26.394542513990967,30.0
26.41989883847185,30.0
26.445076837956893,30.0
26.470077766563364,30.0
26.494902869588607,30.0
26.51955338357209,30.0
26.544030536357,30.0
26.568335547151385,30.0
26.592469626588905,30.0
26.61643397678911,30.0
26.64022979141734,30.0
26.66385825574416,30.0
26.687320546704413,30.0
26.710617832955844,30.0
26.7337512749373,30.0
26.756722024926546,30.0
26.77953122709764,30.0
26.802180017577943,30.0
26.824669524504706,30.0
26.847000868081253,30.0
26.869175160632786,30.0
26.891193506661786,30.0
26.913057002903038,30.0
26.93476673837825,30.0
26.956323794450295,30.0
26.977729244877082,30.0
26.99898415586504,30.0
27.020089586122207,30.0
27.041046586910998,30.0
27.06185620210054,30.0
27.082519468218678,30.0
27.1030374145036,30.0
27.123411062955114,30.0
27.14364142838554,30.0
27.163729518470266,30.0
27.183676333797944,30.0
27.203482867920318,30.0
27.22315010740172,30.0
27.242679031868217,30.0
27.262070614056384,30.0
27.281325819861785,30.0
27.300445608387065,30.0
27.31943093198973,30.0
27.338282736329578,30.0
27.357001960415815,30.0
27.375589536653806,30.0
27.394046390891543,30.0
27.412373442465746,30.0
27.430571604247657,30.0
27.44864178268851,30.0
27.466584877864687,30.0
27.484401783522543,30.0
27.502093387122933,30.0
27.51966056988541,30.0
27.53710420683211,30.0
27.554425166831365,30.0
27.571624312640942,30.0
27.588702500951054,30.0
27.605660582427006,30.0
27.622499401751583,30.0
27.639219797667113,30.0
27.65582260301725,30.0
27.672308644788455,30.0
27.68867874415119,30.0
27.704933716500825,30.0
27.721074371498247,30.0
27.737101513110186,30.0
27.75301593964927,30.0
27.76881844381378,30.0
27.784509812727148,30.0
27.80009082797714,30.0
27.815562265654812,30.0
27.830924896393153,30.0
27.84617948540547,30.0
27.861326792523517,30.0
27.876367572235324,30.0
27.891302573722786,30.0
27.906132540898984,30.0
27.920858212445232,30.0
27.935480321847876,30.0
27.949999597434825,30.0
27.964416762411833,30.0
27.978732534898523,30.0
27.992947627964146,30.0
28.007062749663113,30.0
28.021078603070254,30.0
28.03499588631584,30.0
28.048815292620365,30.0
28.062537510329058,30.0
28.076163222946185,30.0
28.089693109169094,30.0
28.103127842922007,30.0
28.1164680933896,30.0
28.129714525050336,30.0
28.142867797709556,30.0
28.15592856653235,30.0
28.168897482076183,30.0
28.181775190323307,30.0
28.194562332712938,30.0
28.207259546173194,30.0
28.219867463152838,30.0
28.232386711652765,30.0
28.244817915257293,30.0
28.25716169316522,30.0
28.269418660220662,30.0
28.28158942694369,30.0
28.293674599560724,30.0
28.305674780034742,30.0
28.317590566095262,30.0
28.32942255126811,30.0
28.341171324904984,30.0
28.352837472212816,30.0
28.36442157428291,30.0
28.375924208119905,30.0
28.387345946670493,30.0
28.398687358851973,30.0
28.409949009580583,30.0
28.42113145979964,30.0
28.43223526650748,30.0
28.4432609827852,30.0
28.454209157824216,30.0
28.4650803369536,30.0
28.475875061667267,30.0
28.486593869650925,30.0
28.49723729480887,30.0
28.507805867290575,30.0
28.5183001135171,30.0
28.52872055620731,30.0
28.539067714403913,30.0
28.54934210349931,30.0
28.559544235261274,30.0
28.569674617858436,30.0
28.579733755885595,30.0
28.58972215038886,30.0
28.5996402988906,30.0
28.60948869541422,30.0
28.619267830508793,30.0
28.628978191273458,30.0
28.638620261381714,30.0
28.648194521105495,30.0
28.6577014473391,30.0
28.66714151362294,30.0
28.67651519016713,30.0
28.68582294387491,30.0
28.6950652383659,30.0
28.704242533999192,30.0
28.713355287896288,30.0
28.72240395396386,30.0
28.731388982916354,30.0
28.74031082229846,30.0
28.749169916507395,30.0
28.757966706815022,30.0
28.766701631389857,30.0
28.775375125318874,30.0
28.783987620629183,30.0
28.792539546309555,30.0
28.801031328331785,30.0
28.809463389671908,30.0
28.817836150331267,30.0
28.82615002735744,30.0
28.834405434865,30.0
28.842602784056165,30.0
28.850742483241255,30.0
28.85882493785904,30.0
28.866850550496945,30.0
28.874819720911084,30.0
28.88273284604618,30.0
28.890590320055352,30.0
28.89839253431972,30.0
28.90613987746792,30.0
28.91383273539545,30.0
28.921471491283903,30.0
28.929056525620048,30.0
28.936588216214776,30.0
28.944066938221923,30.0
28.951493064156963,30.0
28.958866963915554,30.0
28.966189004791968,30.0
28.973459551497378,30.0
28.980678966178036,30.0
28.987847608433306,30.0
28.99496583533357,30.0
29.002034001438023,30.0
29.009052458812327,30.0
29.016021557046155,30.0
29.022941643270595,30.0
29.029813062175442,30.0
29.036636156026375,30.0
29.043411264682,30.0
29.050138725610772,30.0
29.05681887390782,30.0
29.063452042311617,30.0
29.070038561220578,30.0
29.076578758709495,30.0
29.083072960545895,30.0
29.089521490206256,30.0
29.09592466889212,30.0
29.1022828155461,30.0
29.10859624686776,30.0
29.114865277329386,30.0
29.121090219191668,30.0
29.12727138251923,30.0
29.133409075196084,30.0
29.139503602940977,30.0
29.145555269322603,30.0
29.15156437577473,30.0
29.157531221611208,30.0
29.163456104040897,30.0
29.169339318182445,30.0
29.17518115707901,30.0
29.18098191171284,30.0
29.186741871019784,30.0
29.19246132190366,30.0
29.198140549250574,30.0
29.203779835943084,30.0
29.20937946287431,30.0
29.214939708961914,30.0
29.220460851162,30.0
29.2259431644829,30.0
29.231386921998883,30.0
29.23679239486375,30.0
29.242159852324335,30.0
29.247489561733936,30.0
29.252781788565613,30.0
29.258036796425415,30.0
29.26325484706551,30.0
29.268436200397236,30.0
29.273581114504026,30.0
29.278689845654277,30.0
29.283762648314113,30.0
29.288799775160054,30.0
29.293801477091613,30.0
29.29876800324378,30.0
29.30369960099944,30.0
29.308596516001693,30.0
29.31345899216609,30.0
29.318287271692785,30.0
29.32308159507859,30.0
29.327842201128966,30.0
29.332569326969907,30.0
29.33726320805976,30.0
29.341924078200947,30.0
29.346552169551614,30.0
29.351147712637193,30.0
29.355710936361888,30.0
29.36024206802007,30.0
29.36474133330761,30.0
29.369208956333107,30.0
29.37364515962906,30.0
29.37805016416295,30.0
29.382424189348246,30.0
29.386767453055334,30.0
29.39108017162237,30.0
29.395362559866054,30.0
29.399614831092332,30.0
29.403837197107023,30.0
29.40802986822636,30.0
29.412193053287478,30.0
29.416326959658804,30.0
29.420431793250398,30.0
29.4245077585242,30.0
29.42855505850422,30.0
29.43257389478665,30.0
29.436564467549896,30.0
29.440526975564566,30.0
29.44446161620336,30.0
29.448368585450893,30.0
29.45224807791348,30.0
29.456100286828814,30.0
29.459925404075584,30.0
29.46372362018305,30.0
29.467495124340523,30.0
29.47124010440679,30.0
29.47495874691947,30.0
29.478651237104312,30.0
29.482317758884417,30.0
29.485958494889392,30.0
29.489573626464455,30.0
29.493163333679473,30.0
29.496727795337918,30.0
29.50026718898578,30.0
29.503781690920416,30.0
29.507271476199318,30.0
29.510736718648843,30.0
29.514177590872873,30.0
29.517594264261398,30.0
29.520986908999074,30.0
29.524355694073684,30.0
29.52770078728456,30.0
29.53102235525094,30.0
29.534320563420273,30.0
29.537595576076452,30.0
29.540847556347998,30.0
29.544076666216192,30.0
29.54728306652314,30.0
29.55046691697978,30.0
29.553628376173844,30.0
29.556767601577754,30.0
29.559884749556463,30.0
29.56297997537525,30.0
29.566053433207447,30.0
29.569105276142125,30.0
29.572135656191712,30.0
29.575144724299573,30.0
29.578132630347525,30.0
29.581099523163296,30.0
29.584045550527946,30.0
29.586970859183232,30.0
29.5898755948389,30.0
29.592759902179967,30.0
29.5956239248739,30.0
29.598467805577805,30.0
29.601291685945498,30.0
29.604095706634585,30.0
29.60688000731346,30.0
29.60964472666826,30.0
29.612390002409782,30.0
29.615115971280325,30.0
29.617822769060524,30.0
29.62051053057609,30.0
29.623179389704546,30.0
29.625829479381878,30.0
29.628460931609172,30.0
29.63107387745918,30.0
29.633668447082847,30.0
29.6362447697158,30.0
29.63880297368478,30.0
29.641343186414044,30.0
29.643865534431697,30.0
29.646370143376004,30.0
29.648857138001645,30.0
29.651326642185936,30.0
29.653778778934985,30.0
29.656213670389832,30.0
29.658631437832526,30.0
29.66103220169217,30.0
29.663416081550917,30.0
29.665783196149928,30.0
29.668133663395285,30.0
29.670467600363864,30.0
29.672785123309165,30.0
29.67508634766711,30.0
29.67737138806179,30.0
29.67964035831116,30.0
29.681893371432732,30.0
29.684130539649185,30.0
29.68635197439397,30.0
29.688557786316842,30.0
29.690748085289396,30.0
29.69292298041052,30.0
29.69508258001183,30.0
29.697226991663083,30.0
29.699356322177515,30.0
29.70147067761717,30.0
29.70357016329819,30.0
29.705654883796043,30.0
29.707724942950755,30.0
29.709780443872056,30.0
29.711821488944544,30.0
29.71384817983276,30.0
29.715860617486264,30.0
29.717858902144666,30.0
29.719843133342614,30.0
29.72181340991475,30.0
29.723769830000634,30.0
29.725712491049638,30.0
29.727641489825796,30.0
29.72955692241262,30.0
29.73145888421789,30.0
29.73334746997841,30.0
29.735222773764715,30.0
29.73708488898577,30.0
29.73893390839362,30.0
29.740769924088,30.0
29.74259302752093,30.0
29.744403309501273,30.0
29.746200860199256,30.0
29.747985769150958,30.0
29.74975812526277,30.0
29.75151801681583,30.0
29.75326553147041,30.0
29.755000756270295,30.0
29.756723777647107,30.0
29.758434681424617,30.0
29.760133552823017,30.0
29.761820476463164,30.0
29.7634955363708,30.0
29.765158815980733,30.0
29.766810398140993,30.0
29.76845036511696,30.0
29.77007879859546,30.0
29.771695779688837,30.0
29.77330138893899,30.0
29.774895706321384,30.0
29.77647881124904,30.0
29.778050782576482,30.0
29.779611698603674,30.0
29.781161637079908,30.0
29.78270067520769,30.0
29.784228889646574,30.0
29.78574635651699,30.0
29.787253151404034,30.0
29.78874934936122,30.0
29.79023502491423,30.0
29.79171025206464,30.0
29.793175104293567,30.0
29.794629654565373,30.0
29.796073975331268,30.0
29.797508138532933,30.0
29.798932215606097,30.0
29.800346277484106,30.0
29.80175039460144,30.0
29.80314463689724,30.0
29.80452907381877,30.0
29.805903774324896,30.0
29.80726880688951,30.0
29.808624239504944,30.0
29.809970139685355,30.0
29.81130657447009,30.0
29.812633610427028,30.0
29.813951313655885,30.0
29.81525974979152,30.0
29.816558984007187,30.0
29.81784908101781,30.0
29.819130105083165,30.0
29.820402120011128,30.0
29.82166518916081,30.0
29.822919375445746,30.0
29.82416474133701,30.0
29.82540134886633,30.0
29.82662925962918,30.0
29.82784853478785,30.0
29.829059235074492,30.0
29.830261420794137,30.0
29.831455151827708,30.0
29.832640487635,30.0
29.833817487257644,30.0
29.83498620932204,30.0
29.836146712042286,30.0
29.837299053223077,30.0
29.838443290262575,30.0
29.839579480155276,30.0
29.840707679494848,30.0
29.841827944476954,30.0
29.84294033090204,30.0
29.84404489417812,30.0
29.845141689323537,30.0
29.84623077096971,30.0
29.847312193363845,30.0
29.848386010371634,30.0
29.84945227547995,30.0
29.85051104179951,30.0
29.851562362067508,30.0
29.85260628865025,30.0
29.853642873545766,30.0
29.854672168386397,30.0
29.855694224441365,30.0
29.856709092619322,30.0
29.857716823470902,30.0
29.85871746719122,30.0
29.859711073622382,30.0
29.860697692255968,30.0
29.861677372235498,30.0
29.862650162358875,30.0
29.863616111080816,30.0
29.86457526651527,30.0
29.86552767643781,30.0
29.866473388288018,30.0
29.86741244917184,30.0
29.868344905863946,30.0
29.86927080481004,30.0
29.870190192129186,30.0
29.871103113616112,30.0
29.872009614743476,30.0
29.872909740664138,30.0
29.87380353621341,30.0
29.874691045911284,30.0
29.875572313964664,30.0
29.876447384269547,30.0
29.87731630041322,30.0
29.878179105676438,30.0
29.879035843035567,30.0
29.879886555164735,30.0
29.88073128443795,30.0
29.88157007293121,30.0
29.882402962424614,30.0
29.883229994404417,30.0
29.88405121006512,30.0
29.884866650311515,30.0
29.88567635576071,30.0
29.886480366744177,30.0
29.88727872330973,30.0
29.88807146522355,30.0
29.888858631972145,30.0
29.889640262764324,30.0
29.890416396533155,30.0
29.891187071937892,30.0
29.89195232736591,30.0
29.892712200934618,30.0
29.893466730493348,30.0
29.894215953625253,30.0
29.89495990764917,30.0
29.89569862962148,30.0
29.896432156337962,30.0
29.897160524335607,30.0
29.89788376989446,30.0
29.898601929039415,30.0
29.89931503754201,30.0
29.900023130922207,30.0
29.900726244450173,30.0
29.90142441314802,30.0
29.902117671791565,30.0
29.902806054912052,30.0
29.903489596797872,30.0
29.904168331496276,30.0
29.90484229281507,30.0
29.905511514324296,30.0
29.90617602935791,30.0
29.906835871015428,30.0
29.907491072163598,30.0
29.908141665438016,30.0
29.90878768324476,30.0
29.90942915776201,30.0
29.910066120941636,30.0
29.910698604510802,30.0
29.911326639973545,30.0
29.911950258612336,30.0
29.91256949148965,30.0
29.913184369449496,30.0
29.91379492311898,30.0
29.914401182909806,30.0
29.9150031790198,30.0
29.91560094143441,30.0
29.916194499928213,30.0
29.916783884066383,30.0
29.91736912320617,30.0
29.91795024649836,30.0
29.918527282888732,30.0
29.919100261119493,30.0
29.91966920973071,30.0
29.920234157061742,30.0
29.92079513125264,30.0
29.92135216024555,30.0
29.921905271786116,30.0
29.922454493424848,30.0
29.922999852518494,30.0
29.92354137623142,30.0
29.924079091536942,30.0
29.924613025218687,30.0
29.92514320387191,30.0
29.925669653904837,30.0
29.926192401539964,30.0
29.926711472815377,30.0
29.927226893586038,30.0
29.927738689525075,30.0
29.92824688612507,30.0
29.928751508699317,30.0
29.92925258238309,30.0
29.929750132134885,30.0
29.930244182737685,30.0
29.930734758800167,30.0
29.931221884757946,30.0
29.93170558487479,30.0
29.932185883243825,30.0
29.93266280378873,30.0
29.93313637026494,30.0
29.933606606260817,30.0
29.93407353519884,30.0
29.934537180336765,30.0
29.93499756476877,30.0
29.935454711426626,30.0
29.93590864308083,30.0
29.93635938234173,30.0
29.936806951660678,30.0
29.937251373331115,30.0
29.937692669489707,30.0
29.938130862117436,30.0
29.938565973040692,30.0
29.938998023932374,30.0
29.939427036312953,30.0
29.939853031551554,30.0
29.940276030867018,30.0
29.940696055328964,30.0
29.941113125858823,30.0
29.9415272632309,30.0
29.941938488073394,30.0
29.94234682086943,30.0
29.94275228195809,30.0
29.943154891535404,30.0
29.94355466965537,30.0
29.94395163623096,30.0
29.94434581103509,30.0
29.94473721370163,30.0
29.945125863726357,30.0
29.945511780467953,30.0
29.945894983148946,30.0
29.946275490856678,30.0
29.94665332254425,30.0
29.947028497031482,30.0
29.94740103300583,30.0
29.947770949023322,30.0
29.948138263509495,30.0
29.9485029947603,30.0
29.948865160943015,30.0
29.949224780097154,30.0
29.949581870135365,30.0
29.949936448844316,30.0
29.950288533885587,30.0
29.950638142796553,30.0
29.95098529299125,30.0
29.95133000176124,30.0
29.95167228627648,30.0
29.952012163586183,30.0
29.95234965061965,30.0
29.952684764187122,30.0
29.953017520980627,30.0
29.95334793757479,30.0
29.95367603042768,30.0
29.954001815881615,30.0
29.95432531016398,30.0
29.954646529388043,30.0
29.954965489553746,30.0
29.95528220654851,30.0
29.95559669614802,30.0
29.955908974017017,30.0
29.95621905571008,30.0
29.956526956672384,30.0
29.956832692240496,30.0
29.957136277643116,30.0
29.957437728001846,30.0
29.95773705833194,30.0
29.958034283543057,30.0
29.958329418439998,30.0
29.958622477723445,30.0
29.95891347599069,30.0
29.959202427736376,30.0
29.959489347353195,30.0
29.959774249132632,30.0
29.960057147265655,30.0
29.96033805584343,30.0
29.96061698885803,30.0
29.960893960203116,30.0
29.961168983674643,30.0
29.961442072971547,30.0
29.961713241696415,30.0
29.96198250335617,30.0
29.962249871362754,30.0
29.962515359033773,30.0
29.962778979593182,30.0
29.963040746171934,30.0
29.963300671808632,30.0
29.963558769450184,30.0
29.963815051952444,30.0
29.964069532080856,30.0
29.964322222511083,30.0
29.96457313582965,30.0
29.96482228453456,30.0
29.965069681035917,30.0
29.965315337656556,30.0
29.965559266632642,30.0
29.96580148011429,30.0
29.966041990166165,30.0
29.96628080876808,30.0
29.9665179478156,30.0
29.966753419120632,30.0
29.966987234412013,30.0
29.967219405336095,30.0
29.967449943457318,30.0
29.967678860258797,30.0
29.96790616714289,30.0
29.96813187543176,30.0
29.968355996367947,30.0
29.968578541114926,30.0
29.96879952075766,30.0
29.969018946303155,30.0
29.96923682868101,30.0
29.969453178743947,30.0
29.969668007268382,30.0
29.969881324954926,30.0
29.970093142428947,30.0
29.97030347024108,30.0
29.970512318867765,30.0
29.97071969871176,30.0
29.970925620102665,30.0
29.971130093297432,30.0
29.97133312848088,30.0
29.9715347357662,30.0
29.97173492519546,30.0
29.971933706740103,30.0
29.97213109030145,30.0
29.972327085711182,30.0
29.97252170273184,30.0
29.972714951057306,30.0
29.97290684031329,30.0
29.9730973800578,30.0
29.973286579781632,30.0
29.97347444890883,30.0
29.973660996797168,30.0
29.9738462327386,30.0
29.97403016595974,30.0
29.974212805622305,30.0
29.974394160823586,30.0
29.974574240596898,30.0
29.974753053912018,30.0
29.974930609675646,30.0
29.975106916731843,30.0
29.97528198386247,30.0
29.97545581978763,30.0
29.975628433166097,30.0
29.97579983259575,30.0
29.975970026614007,30.0
29.976139023698234,30.0
29.976306832266186,30.0
29.976473460676413,30.0
29.976638917228687,30.0
29.9768032101644,30.0
29.976966347667,30.0
29.97712833786236,30.0
29.97728918881923,30.0
29.9774489085496,30.0
29.977607505009114,30.0
29.977764986097473,30.0
29.977921359658815,30.0
29.97807663348211,30.0
29.97823081530156,30.0
29.978383912796968,30.0
29.97853593359412,30.0
29.978686885265184,30.0
29.978836775329068,30.0
29.978985611251804,30.0
29.979133400446916,30.0
29.979280150275788,30.0
29.979425868048036,30.0
29.97957056102187,30.0
29.979714236404455,30.0
29.979856901352264,30.0
29.979998562971446,30.0
29.980139228318173,30.0
29.980278904398993,30.0
