10.18004866493466,30.0
10.358476453782082,30.0
10.535297958371043,30.0
10.710527639168355,30.0
10.884179826461441,30.0
11.056268721530273,30.0
11.226808397808746,30.0
11.3958128020356,30.0
11.563295755395,30.0
11.729270954646815,30.0
11.89375197324675,30.0
12.056752262456389,30.0
12.218285152443219,30.0
12.37836385337079,30.0
12.537001456479036,30.0
12.694210935154878,30.0
12.850005145993187,30.0
13.004396829848197,30.0
13.157398612875454,30.0
13.309023007564374,30.0
13.459282413761532,30.0
13.608189119684706,30.0
13.755755302927817,30.0
13.901993031456804,30.0
14.046914264596557,30.0
14.190530854008935,30.0
14.332854544662005,30.0
14.473896975790542,30.0
14.613669681847886,30.0
14.752184093449236,30.0
14.889451538306432,30.0
15.025483242154351,30.0
15.16232026310123,30.0
15.297906868384993,30.0
15.432254484294518,30.0
15.56537443270534,30.0
15.697277932033783,30.0
15.827976098182369,30.0
15.957479945476583,30.0
16.08580038759309,30.0
16.212948238479456,30.0
16.338934213265482,30.0
16.463768929166193,30.0
16.58746290637658,30.0
16.71002656895817,30.0
16.831470245717497,30.0
16.951804171076542,30.0
17.071038485935212,30.0
17.189183238525946,30.0
17.306248385260517,30.0
17.422243791569073,30.0
17.537179232731546,30.0
17.651064394701425,30.0
17.763908874922038,30.0
17.875722183135338,30.0
17.986513742183334,30.0
18.096292888802182,30.0
18.205068874409,30.0
18.312850865881536,30.0
18.419647946330677,30.0
18.52546911586591,30.0
18.63032329235379,30.0
18.734219312169472,30.0
18.83716593094139,30.0
18.939171824289097,30.0
19.04024558855442,30.0
19.140395741525857,30.0
19.239630723156438,30.0
19.337958896274955,30.0
19.43538854729074,30.0
19.53192788689197,30.0
19.62758505073763,30.0
19.7223681001431,30.0
19.81628502275953,30.0
19.90934373324697,30.0
20.00155207394137,30.0
20.09423735097943,30.0
20.18606343860698,30.0
20.277038301481046,30.0
20.36716983042655,30.0
20.45646584312074,30.0
20.544934084771246,30.0
20.63258222878789,30.0
20.719417877448244,30.0
20.805448562557014,30.0
20.89068174609934,30.0
20.975124820887995,30.0
21.058785111204642,30.0
21.141669873435085,30.0
21.223786296698684,30.0
21.305141503471898,30.0
21.38574255020607,30.0
21.46559642793948,30.0
21.54471006290371,30.0
21.623090317124408,30.0
21.70074398901648,30.0
21.777677813973753,30.0
21.853898464953176,30.0
21.92941255305361,30.0
22.004226628089253,30.0
22.078347179157745,30.0
22.15178063520301,30.0
22.224533365572874,30.0
22.296611680571527,30.0
22.368021832006846,30.0
22.43877001373266,30.0
22.508862362185983,30.0
22.578304956919258,30.0
22.647103821127686,30.0
22.71526492217165,30.0
22.7827941720943,30.0
22.84969742813434,30.0
22.915980493234084,30.0
22.981649116542748,30.0
23.046708993915132,30.0
23.11116576840566,30.0
23.17502503075782,30.0
23.238292319889105,30.0
23.30097312337142,30.0
23.363072877907072,30.0
23.424596969800312,30.0
23.485550735424535,30.0
23.54593946168513,30.0
23.605768386478054,30.0
23.665042699144145,30.0
23.72376754091922,30.0
23.781948005380016,30.0
23.839589138885984,30.0
23.896695941016993,30.0
23.953273365006975,30.0
24.009326318173546,30.0
24.064859662343654,30.0
24.119878214275275,30.0
24.174386746075196,30.0
24.228389985612942,30.0
24.28189261693084,30.0
24.3348992806503,30.0
24.387414574374336,30.0
24.43944305308633,30.0
24.490989229545114,30.0
24.542057574676413,30.0
24.59265251796061,30.0
24.642778447816948,30.0
24.692439711984186,30.0
24.741640617897676,30.0
24.790385433063,30.0
24.8386783854261,30.0
24.88652366374,30.0
24.93392541792813,30.0
24.98088775944426,30.0
25.02741476162913,30.0
25.074166624768925,30.0
25.120478930494965,30.0
25.166355811492178,30.0
25.2118013615903,30.0
25.2568196361292,30.0
25.30141465232076,30.0
25.345590389607327,30.0
25.389350790016856,30.0
25.432699758514648,30.0
25.475641163351828,30.0
25.518178836410517,30.0
25.56031657354578,30.0
25.60205813492434,30.0
25.643407245360134,30.0
25.68436759464667,30.0
25.72494283788631,30.0
25.765136595816422,30.0
25.804952455132486,30.0
25.84439396880814,30.0
25.883464656412247,30.0
25.922168004422947,30.0
25.960507466538782,30.0
25.998486463986893,30.0
26.0361083858283,30.0
26.07337658926033,30.0
26.110294399916214,30.0
26.14686511216182,30.0
26.18309198938965,30.0
26.218978264310035,30.0
26.254527139239624,30.0
26.28974178638712,30.0
26.32462534813637,30.0
26.35918093732677,30.0
26.393411637531038,30.0
26.42732050333038,30.0
26.46091056058707,30.0
26.494184806714447,30.0
26.527146210944412,30.0
26.559797714592367,30.0
26.592142231319702,30.0
26.62418264739378,30.0
26.655921821945505,30.0
26.687362587224452,30.0
26.718507748851604,30.0
26.749360086069707,30.0
26.77992235199129,30.0
26.81019727384432,30.0
26.840187553215586,30.0
26.86989586629176,30.0
