8.217814910067684,30.0
8.433473304905922,30.0
8.646996535477022,30.0
8.858405741354295,30.0
9.067721852814948,30.0
9.27496559291226,30.0
9.480157479527236,30.0
9.683317827399954,30.0
9.884466750140799,30.0
10.08362416222178,30.0
10.280809685394381,30.0
10.476042939195008,30.0
10.669343252404186,30.0
10.860729762434511,30.0
11.050221417225314,30.0
11.237836977118576,30.0
11.423595016716268,30.0
11.607513926719301,30.0
11.789611915748274,30.0
11.969907012146187,30.0
12.148417065763313,30.0
12.325159749724394,30.0
12.500152562178346,30.0
12.673412828030637,30.0
12.844957700658508,30.0
13.014804163609226,30.0
13.182969032281509,30.0
13.349468955590314,30.0
13.514320417615137,30.0
13.677539739231989,30.0
13.839143079729233,30.0
13.999146438407397,30.0
14.157565656163172,30.0
14.314416417057707,30.0
14.469714249869396,30.0
14.623474529631276,30.0
14.775712479153206,30.0
14.92644317052899,30.0
15.075681526628559,30.0
15.223442250972335,30.0
15.369740045421016,30.0
15.514589393958001,30.0
15.65800463716557,30.0
15.799999973644661,30.0
15.940589461420576,30.0
16.07978701933477,30.0
16.217606428422872,30.0
16.354061333279052,30.0
16.489165243406877,30.0
16.622931534556805,30.0
16.755373450050428,30.0
16.886504102091603,30.0
17.016336473064612,30.0
17.144883416819454,30.0
17.27215765994443,30.0
17.39817180302611,30.0
17.522938321896838,30.0
17.646469568869886,30.0
17.76877777396237,30.0
17.889875046106063,30.0
18.009773374346224,30.0
18.128484629028556,30.0
18.246020562974405,30.0
18.362392812644337,30.0
18.47761289929018,30.0
18.59169223009567,30.0
18.70464209930581,30.0
18.816473689345028,30.0
18.92719807192427,30.0
19.03682620913716,30.0
19.145368954545262,30.0
19.252837054252634,30.0
19.35924114796972,30.0
19.46459177006672,30.0
19.568899350616537,30.0
19.67217421642738,30.0
19.774426592065158,30.0
19.875666600865745,30.0
19.975904265937228,30.0
20.075149511152226,30.0
20.17341211576662,30.0
20.270701855401693,30.0
20.3670283620662,30.0
20.46240117240562,30.0
20.556829728646314,30.0
20.650323379530334,30.0
20.74289138124099,30.0
20.83454289831923,30.0
20.925287004570972,30.0
21.01513268396543,30.0
21.104088831524567,30.0
21.19216425420372,30.0
21.279367671763534,30.0
21.36570771763323,30.0
21.45119293976536,30.0
21.535831801482068,30.0
21.619632682312997,30.0
21.70260387882488,30.0
21.78475360544295,30.0
21.866089995264165,30.0
21.946621100862433,30.0
22.02635489508584,30.0
22.105299271845983,30.0
22.183462046899496,30.0
22.260850958621845,30.0
22.33747366877343,30.0
22.413337763258156,30.0
22.48845075287443,30.0
22.56282007405879,30.0
22.636453089622105,30.0
22.70935708947853,30.0
22.781539291367245,30.0
22.853006841567016,30.0
22.923766815603706,30.0
22.99382621895078,30.0
23.06319198772287,30.0
23.13187098936247,30.0
23.199870023319832,30.0
23.26719582172615,30.0
23.333855050060045,30.0
23.399854307807477,30.0
23.465200129115118,30.0
23.529898983437256,30.0
23.593957276176283,30.0
23.657381349316864,30.0
23.720177482053803,30.0
23.78235189141371,30.0
23.843910732870516,30.0
23.90486010095486,30.0
23.965206029857494,30.0
24.02495449402668,30.0
24.084111408759675,30.0
24.142682630788364,30.0
24.20067395885911,30.0
24.25809113430683,30.0
24.314939841623428,30.0
24.371225709020557,30.0
24.426954308986844,30.0
24.48213115883958,30.0
24.536761721270953,30.0
24.590851404888877,30.0
24.64440556475246,30.0
24.69742950290217,30.0
24.749928468884757,30.0
24.801907660272974,30.0
24.85337222318016,30.0
24.90432725276971,30.0
24.95477779375953,30.0
25.004728840921462,30.0
25.054185316240503,30.0
25.103152139872357,30.0
25.151634159691312,30.0
25.199636175574497,30.0
25.2471629398771,30.0
25.29421915790286,30.0
25.340809488369906,30.0
25.386938543872,30.0
25.432610891335173,30.0
25.477831052469888,30.0
25.522603504218694,30.0
25.56693267919946,30.0
25.610822966144216,30.0
25.654278710333653,30.0
25.697304214027323,30.0
25.73990373688957,30.0
25.782081496411262,30.0
25.823841668327322,30.0
25.86518838703015,30.0
25.90612574597894,30.0
25.946657798104933,30.0
25.98678855621269,30.0
26.026521993377365,30.0
26.065862043338043,30.0
26.104812600887204,30.0
26.143377522256316,30.0
26.181560625497617,30.0
26.21936569086211,30.0
26.25679646117382,30.0
26.29385664220036,30.0
26.33054990301979,30.0
26.366879876383884,30.0
26.40285015907778,30.0
26.438464312276075,30.0
26.473725861895392,30.0
26.508638298943456,30.0
26.543205079864713,30.0
26.577429626882534,30.0
26.611315328338026,30.0
26.64486553902548,30.0
26.678083580524525,30.0
26.710972741528952,30.0
26.74353627817232,30.0
26.775777414350326,30.0
26.80769934203997,30.0
26.839305221615582,30.0
26.870598182161697,30.0
26.901581321782857,30.0
26.932257707910324,30.0
26.962630377605777,30.0
26.992702337861974,30.0
27.022476565900472,30.0
27.05195600946637,30.0
27.081143587120145,30.0
27.11004218852661,30.0
27.138654674740984,30.0
27.16698387849216,30.0
27.195032604463155,30.0
27.22280362956876,30.0
27.250299703230493,30.0
27.277523547648784,30.0
27.304477858072488,30.0
27.331165303065717,30.0
27.357588524772037,30.0
27.383750139176062,30.0
27.40965273636243,30.0
27.435298880772226,30.0
27.460691111456896,30.0
27.485831942329593,30.0
27.510723862414075,30.0
27.535369336091122,30.0
27.55977080334253,30.0
27.583930679992662,30.0
27.607851357947624,30.0
27.631535205432083,30.0
27.65498456722372,30.0
27.678201764885372,30.0
27.70118909699487,30.0
27.723948839372618,30.0
27.74648324530689,30.0
27.76879454577693,30.0
27.790884949673814,30.0
27.81275664401914,30.0
27.83441179418155,30.0
27.855852544091114,30.0
27.87708101645158,30.0
27.898099312950535,30.0
27.918909514467465,30.0
27.939513681279784,30.0
27.959913853266805,30.0
27.980112050111686,30.0
28.000110271501395,30.0
28.01991049732468,30.0
28.039514687868085,30.0
28.058924784010028,30.0
28.07814270741295,30.0
28.097170360713573,30.0
28.116009627711257,30.0
28.134662373554505,30.0
28.15313044492563,30.0
28.171415670223563,30.0
28.18951985974489,30.0
28.207444805863062,30.0
28.225192283205853,30.0
28.24276404883106,30.0
28.260161842400436,30.0
28.27738738635195,30.0
28.294442386070298,30.0
28.311328530055736,30.0
28.328047490091265,30.0
28.344600921408126,30.0
28.360990462849685,30.0
28.377217737033675,30.0
28.393284350512847,30.0
28.40919189393402,30.0
28.424941942195563,30.0
28.440536054603314,30.0
28.455975775024953,30.0
28.471262632042855,30.0
28.48639813910542,30.0
28.50138379467692,30.0
28.51622108238583,30.0
28.530911471171738,30.0
28.545456415430756,30.0
28.55985735515952,30.0
28.574115716097744,30.0
28.588232909869387,30.0
28.6022103341224,30.0
28.616049372667096,30.0
28.62975139561315,30.0
28.64331775950526,30.0
28.656749807457423,30.0
28.670048869285935,30.0
28.683216261641032,30.0
28.696253288137243,30.0
28.70916123948245,30.0
28.72194139360569,30.0
28.734595015783647,30.0
28.74712335876594,30.0
28.759527662899135,30.0
28.771809156249557,30.0
28.78396905472486,30.0
28.796008562194416,30.0
28.807928870608496,30.0
28.819731160116273,30.0
28.83141659918267,30.0
28.842986344704038,30.0
28.85444154212269,30.0
28.865783325540303,30.0
28.87701281783021,30.0
28.888131130748548,30.0
28.899139365044338,30.0
28.910038610568463,30.0
28.920829946381566,30.0
28.931514440860877,30.0
28.94209315180598,30.0
28.95256712654356,30.0
28.962937402031066,30.0
28.973205004959397,30.0
28.98337095185452,30.0
28.993436249178142,30.0
29.00340189342732,30.0
29.013268871233148,30.0
29.023038159458412,30.0
29.03271072529432,30.0
29.04228752635624,30.0
29.05176951077853,30.0
29.061157617308385,30.0
29.07045277539879,30.0
29.07965590530052,30.0
29.088767918153277,30.0
29.09778971607587,30.0
29.106722192255543,30.0
29.115566231036393,30.0
29.124322708006932,30.0
29.132992490086767,30.0
29.141576435612432,30.0
29.15007539442236,30.0
29.15849020794102,30.0
29.166821709262237,30.0
29.17507072323165,30.0
29.18323806652838,30.0
29.19132454774589,30.0
29.19933096747204,30.0
29.207258118368337,30.0
29.21510678524842,30.0
29.22287774515575,30.0
29.23057176744055,30.0
29.238189613835974,30.0
29.245732038533507,30.0
29.253199788257646,30.0
29.260593602339824,30.0
29.267914212791602,30.0
29.27516234437715,30.0
29.28233871468499,30.0
29.289444034199047,30.0
29.29647900636899,30.0
29.303444327679866,30.0
29.31034068772107,30.0
29.317168769254597,30.0
29.323929248282656,30.0
29.330622794114593,30.0
29.337250069433136,30.0
29.34381173036003,30.0
29.350308426520982,30.0
29.356740801109968,30.0
29.363109490952926,30.0
29.3694151265708,30.0
29.375658332241954,30.0
29.38183972606399,30.0
29.387959920014936,30.0
29.394019520013835,30.0
29.400019125980727,30.0
29.405959331896057,30.0
29.411840725859463,30.0
29.417663890148017,30.0
29.42342940127386,30.0
29.429137830041288,30.0
29.43478974160325,30.0
29.440385695517318,30.0
29.445926245801065,30.0
29.451411940986933,30.0
29.456843324176532,30.0
29.4622209330944,30.0
29.467545300141257,30.0
29.4728169524467,30.0
29.478036411921398,30.0
29.48320419530876,30.0
29.48832081423609,30.0
29.493386775265254,30.0
29.498402579942816,30.0
29.503368724849697,30.0
29.508285701650344,30.0
29.5131539971414,30.0
29.5179740932999,30.0
29.522746467330993,30.0
29.527471591715177,30.0
29.532149934255084,30.0
29.536781958121793,30.0
29.54136812190068,30.0
29.545908879636826,30.0
29.55040468087997,30.0
29.55485597072901,30.0
29.559263189876074,30.0
29.56362677465014,30.0
29.567947157060246,30.0
29.57222476483826,30.0
29.57646002148122,30.0
29.580653346293264,30.0
29.584805154427137,30.0
29.588915856925308,30.0
29.59298586076065,30.0
29.597015568876735,30.0
29.601005380227733,30.0
29.6049556898179,30.0
29.608866888740693,30.0
29.612739364217482,30.0
29.616573499635898,30.0
29.620369674587774,30.0
29.624128264906737,30.0
29.627849642705414,30.0
29.63153417641227,30.0
29.635182230808088,30.0
29.638794167062077,30.0
29.642370342767638,30.0
29.64591111197776,30.0
29.64941682524007,30.0
29.65288782963155,30.0
29.65632446879288,30.0
29.659727082962487,30.0
29.6630960090102,30.0
29.66643158047062,30.0
29.66973412757613,30.0
29.673003977289607,30.0
29.676241453336768,30.0
29.67944687623824,30.0
29.682620563341285,30.0
29.685762828851207,30.0
29.688873983862482,30.0
29.691954336389543,30.0
29.695004191397274,30.0
29.69802385083121,30.0
29.70101361364742,30.0
29.70397377584212,30.0
29.70690463048096,30.0
29.709806467728054,30.0
29.712679574874695,30.0
29.715524236367802,30.0
29.71834073383809,30.0
29.721129346127935,30.0
29.723890349318996,30.0
29.726624016759537,30.0
29.7293306190915,30.0
29.732010424277288,30.0
29.734663697626303,30.0
29.73729070182121,30.0
29.739891696943936,30.0
29.742466940501433,30.0
29.745016687451162,30.0
29.747541190226336,30.0
29.750040698760913,30.0
29.752515460514342,30.0
29.75496572049606,30.0
29.757391721289746,30.0
29.759793703077346,30.0
29.762171903662843,30.0
29.764526558495803,30.0
29.76685790069469,30.0
29.769166161069936,30.0
29.771451568146805,30.0
29.773714348188008,30.0
29.7759547252161,30.0
29.778172921035672,30.0
29.7803691552553,30.0
29.782543645309293,30.0
29.784696606479216,30.0
29.786828251915203,30.0
29.788938792657063,30.0
29.79102843765517,30.0
29.793097393791157,30.0
29.795145865898384,30.0
29.797174056782232,30.0
29.799182167240176,30.0
29.80117039608166,30.0
29.803138940147782,30.0
29.80508799433079,30.0
29.807017751593367,30.0
29.808928402987735,30.0
29.810820137674575,30.0
29.812693142941757,30.0
29.814547604222874,30.0
29.8163837051156,30.0
29.818201627399883,30.0
29.82000155105592,30.0
29.821783654281987,30.0
29.82354811351208,30.0
29.825295103433383,30.0
29.827024797003563,30.0
29.82873736546789,30.0
29.830432978376194,30.0
29.83211180359965,30.0
29.833774007347394,30.0
29.835419754182993,30.0
29.837049207040714,30.0
29.838662527241674,30.0
29.8402598745098,30.0
29.841841406987655,30.0
29.843407281252077,30.0
29.844957652329697,30.0
29.846492673712277,30.0
29.848012497371908,30.0
29.849517273776062,30.0
29.85100715190248,30.0
29.852482279253927,30.0
29.85394280187279,30.0
29.855388864355547,30.0
29.85682060986707,30.0
29.85823818015481,30.0
29.859641715562816,30.0
29.861031355045643,30.0
29.862407236182108,30.0
29.863769495188905,30.0
29.865118266934086,30.0
29.866453684950432,30.0
29.867775881448654,30.0
29.869084987330492,30.0
29.87038113220167,30.0
29.87166444438473,30.0
29.872935050931748,30.0
29.874193077636882,30.0
29.875438649048856,30.0
29.87667188848328,30.0
29.877892918034856,30.0
29.87910185858947,30.0
29.88029882983615,30.0
29.881483950278934,30.0
29.882657337248585,30.0
29.88381910691422,30.0
29.8849693742948,30.0
29.886108253270528,30.0
29.88723585659411,30.0
29.88835229590193,30.0
29.889457681725105,30.0
29.89055212350041,30.0
29.89163572958113,30.0
29.89270860724778,30.0
29.89377086271873,30.0
29.89482260116071,30.0
29.895863926699235,30.0
29.896894942428915,30.0
29.897915750423646,30.0
29.89892645174673,30.0
29.899927146460872,30.0
29.900917933638095,30.0
29.90189891136954,30.0
29.90287017677518,30.0
29.903831826013448,30.0
29.90478395429073,30.0
29.905726655870808,30.0
29.906660024084204,30.0
29.90758415133739,30.0
29.90849912912196,30.0
29.909405048023686,30.0
29.910301997731473,30.0
29.91119006704625,30.0
29.912069343889755,30.0
29.91293991531325,30.0
29.913801867506127,30.0
29.914655285804447,30.0
29.91550025469939,30.0
29.91633685784561,30.0
29.91716517806954,30.0
29.91798529737756,30.0
29.918797296964144,30.0
29.91960125721988,30.0
29.920397257739445,30.0
29.921185377329465,30.0
29.92196569401634,30.0
29.922738285053946,30.0
29.923503226931302,30.0
29.924260595380137,30.0
29.92501046538238,30.0
29.92575291117759,30.0
29.92648800627031,30.0
29.92721582343734,30.0
29.927936434734935,30.0
29.928649911505953,30.0
29.929356324386905,30.0
29.930055743314956,30.0
29.930748237534846,30.0
29.93143387560575,30.0
29.93211272540806,30.0
29.932784854150107,30.0
29.933450328374814,30.0
29.934109213966288,30.0
29.934761576156337,30.0
29.935407479530934,30.0
29.93604698803661,30.0
29.93668016498677,30.0
29.937307073068,30.0
29.937927774346218,30.0
29.93854233027287,30.0
29.939150801690985,30.0
29.939753248841203,30.0
29.940349731367746,30.0
29.94094030832432,30.0
29.941525038179954,30.0
29.942103978824804,30.0
29.942677187575867,30.0
29.94324472118267,30.0
29.94380663583288,30.0
29.944362987157866,30.0
29.944913830238217,30.0
29.94545921960918,30.0
29.945999209266073,30.0
29.946533852669624,30.0
29.94706320275126,30.0
29.947587311918355,30.0
29.948106232059416,30.0
29.94862001454922,30.0
29.949128710253902,30.0
29.949632369535983,30.0
29.950131042259365,30.0
29.950624777794264,30.0
29.951113625022096,30.0
29.951597632340324,30.0
29.952076847667243,30.0
29.952551318446723,30.0
29.953021091652907,30.0
29.953486213794868,30.0
29.953946730921203,30.0
29.954402688624604,30.0
29.95485413204636,30.0
29.955301105880835,30.0
29.955743654379884,30.0
29.956181821357244,30.0
29.95661565019287,30.0
29.957045183837216,30.0
29.95747046481551,30.0
29.95789153523195,30.0
29.95830843677387,30.0
29.958721210715872,30.0
29.959129897923916,30.0
29.959534538859362,30.0
29.959935173582974,30.0
29.960331841758887,30.0
29.960724582658536,30.0
29.961113435164542,30.0
29.961498437774566,30.0
29.961879628605114,30.0
29.962257045395315,30.0
29.962630725510653,30.0
29.963000705946673,30.0
29.963367023332637,30.0
29.96372971393515,30.0
29.964088813661764,30.0
29.96444435806451,30.0
29.96479638234344,30.0
29.9651449213501,30.0
29.965490009590976,30.0
29.965831681230927,30.0
29.96616997009655,30.0
29.966504909679546,30.0
29.966836533140015,30.0
29.967164873309752,30.0
29.967489962695502,30.0
29.967811833482166,30.0
29.968130517535997,30.0
29.968446046407745,30.0
29.9687584513358,30.0
29.969067763249253,30.0
29.96937401277099,30.0
29.96967723022071,30.0
29.96997744561792,30.0
29.97027468868492,30.0
29.970568988849735,30.0
29.970860375249035,30.0
29.971148876731018,30.0
29.971434521858267,30.0
29.971717338910576,30.0
29.971997355887748,30.0
29.972274600512375,30.0
29.97254910023257,30.0
29.9728208822247,30.0
29.973089973396057,30.0
29.973356400387544,30.0
29.973620189576295,30.0
29.973881367078295,30.0
29.974139958750964,30.0
29.974395990195717,30.0
29.974649486760494,30.0
29.974900473542277,30.0
29.975148975389573,30.0
29.97539501690487,30.0
29.975638622447075,30.0
29.975879816133926,30.0
29.976118621844382,30.0
29.976355063220982,30.0
29.976589163672188,30.0
29.9768209463747,30.0
29.977050434275764,30.0
29.97727765009542,30.0
29.977502616328774,30.0
29.977725355248214,30.0
29.977945888905612,30.0
29.978164239134518,30.0
29.97838042755231,30.0
29.978594475562343,30.0
29.97880640435606,30.0
29.979016234915104,30.0
29.979223988013377,30.0
29.979429684219113,30.0
29.9796333438969,30.0
29.97983498720971,30.0
29.98003463412088,30.0
29.980232304396104,30.0
29.98042801760538,30.0
29.98062179312495,30.0
29.98081365013922,30.0
29.981003607642652,30.0
29.981191684441658,30.0
29.981377899156453,30.0
29.98156227022289,30.0
29.981744815894313,30.0
29.981925554243325,30.0
29.982104503163615,30.0
29.982281680371702,30.0
29.98245710340871,30.0
29.98263078964208,30.0
29.98280275626732,30.0
29.982973020309675,30.0
29.983141598625846,30.0
29.98330850790563,30.0
29.983473764673583,30.0
29.983637385290663,30.0
29.983799385955844,30.0
29.983959782707714,30.0
29.98411859142607,30.0
29.984275827833496,30.0
29.9844315074969,30.0
29.98458564582908,30.0
29.98473825809022,30.0
29.98488935938944,30.0
29.985038964686254,30.0
29.98518708879207,30.0
29.985333746371655,30.0
29.985478951944586,30.0
29.985622719886685,30.0
29.98576506443144,30.0
29.98590599967143,30.0
29.986045539559697,30.0
29.98618369791114,30.0
29.986320488403887,30.0
29.98645592458064,30.0
29.986590019850016,30.0
29.98672278748789,30.0
29.986854240638678,30.0
29.986984392316675,30.0
29.987113255407316,30.0
29.987240842668466,30.0
29.987367166731676,30.0
29.987492240103442,30.0
29.98761607516643,30.0
29.98773868418071,30.0
29.987860079284975,30.0
29.987980272497733,30.0
29.988099275718504,30.0
29.988217100728992,30.0
29.988333759194255,30.0
29.988449262663856,30.0
29.988563622573015,30.0
29.988676850243735,30.0
29.988788956885923,30.0
29.988899953598498,30.0
29.989009851370493,30.0
29.989118661082145,30.0
29.98922639350597,30.0
29.989333059307825,30.0
29.98943866904797,30.0
29.989543233182115,30.0
29.989646762062446,30.0
29.989749265938656,30.0
29.989850754958965,30.0
29.989951239171113,30.0
29.99005072852336,30.0
29.99014923286548,30.0
29.990246761949717,30.0
29.99034332543177,30.0
29.990438932871733,30.0
29.990533593735055,30.0
29.99062731739347,30.0
29.990720113125924,30.0
29.990811990119493,30.0
29.990902957470297,30.0
29.990993024184398,30.0
29.991082199178695,30.0
29.9911704912818,30.0
29.991257909234918,30.0
29.99134446169271,30.0
29.991430157224148,30.0
29.99151500431337,30.0
29.991599011360513,30.0
29.991682186682546,30.0
29.991764538514097,30.0
29.99184607500826,30.0
29.99192680423742,30.0
29.992006734194025,30.0
29.992085872791403,30.0
29.99216422786453,30.0
29.992241807170817,30.0
29.99231861839086,30.0
29.992394669129222,30.0
29.992469966915174,30.0
29.992544519203438,30.0
29.992618333374935,30.0
29.992691416737504,30.0
29.992763776526637,30.0
29.99283541990619,30.0
29.992906353969087,30.0
29.992976585738027,30.0
29.993046122166188,30.0
29.993114970137903,30.0
29.99318313646934,30.0
29.993250627909188,30.0
29.99331745113932,30.0
29.99338361277545,30.0
29.993449119367796,30.0
29.993513977401722,30.0
29.993578193298383,30.0
29.993641773415362,30.0
29.993704724047298,30.0
29.993767051426506,30.0
29.9938287617236,30.0
29.993889861048096,30.0
29.99395035544903,30.0
29.99401025091554,30.0
29.994069553377475,30.0
29.994128268705968,30.0
29.99418640271403,30.0
29.99424396115711,30.0
29.994300949733688,30.0
29.994357374085812,30.0
29.99441323979968,30.0
29.994468552406175,30.0
29.99452331738143,30.0
29.994577540147347,30.0
29.994631226072162,30.0
29.994684380470954,30.0
29.99473700860618,30.0
29.994789115688196,30.0
29.99484070687577,30.0
29.9948917872766,30.0
29.99494236194781,30.0
29.994992435896457,30.0
29.995042014080024,30.0
29.995091101406913,30.0
29.995139702736928,30.0
29.995187822881757,30.0
29.99523546660545,30.0
29.995282638624893,30.0
29.995329343610265,30.0
29.995375586185514,30.0
29.995421370928803,30.0
29.995466702372973,30.0
29.99551158500598,30.0
29.99555602327135,30.0
29.99560002156862,30.0
29.99564358425376,30.0
29.995686715639618,30.0
29.99572941999634,30.0
29.9957717015518,30.0
29.995813564492007,30.0
29.995855012961528,30.0
29.99589605106389,30.0
29.995936682862006,30.0
29.995976912378552,30.0
29.996016743596382,30.0
29.996056180458915,30.0
29.996095226870526,30.0
29.996133886696942,30.0
29.996172163765607,30.0
29.996210061866076,30.0
29.99624758475038,30.0
29.996284736133415,30.0
29.99632151969328,30.0
29.996357939071668,30.0
29.99639399787422,30.0
29.99642969967087,30.0
29.996465047996214,30.0
29.996500046349848,30.0
29.996534698196726,30.0
29.99656900696749,30.0
29.996602976058824,30.0
29.996636608833775,30.0
29.996669908622096,30.0
29.996702878720573,30.0
29.996735522393355,30.0
29.99676784287227,30.0
29.996799843357152,30.0
29.996831527016155,30.0
29.99686289698606,30.0
29.996893956372595,30.0
29.99692470825074,30.0
29.996955155665038,30.0
29.996985301629874,30.0
29.997015149129798,30.0
29.99704470111981,30.0
29.99707396052565,30.0
29.997102930244097,30.0
29.997131613143246,30.0
29.997160012062796,30.0
29.997188129814337,30.0
29.99721596918161,30.0
29.99724353292081,30.0
29.997270823760832,30.0
29.99729784440356,30.0
29.99732459752412,30.0
29.997351085771164,30.0
29.997377311767114,30.0
29.997403278108425,30.0
29.99742898736585,30.0
29.997454442084692,30.0
29.997479644785045,30.0
29.997504597962063,30.0
29.99752930408619,30.0
29.99755376560341,30.0
29.997577984935496,30.0
29.99760196448024,30.0
29.997625706611693,30.0
29.997649213680404,30.0
29.99767248801365,30.0
29.99769553191566,30.0
29.99771834766786,30.0
29.99774093752908,30.0
29.997763303735795,30.0
29.997785448502327,30.0
29.997807374021082,30.0
29.997829082462758,30.0
29.99785057597656,30.0
29.997871856690416,30.0
29.997892926711184,30.0
29.997913788124865,30.0
29.997934442996808,30.0
29.99795489337191,30.0
29.99797514127483,30.0
29.997995188710167,30.0
29.99801503766269,30.0
29.998034690097505,30.0
29.99805414796027,30.0
29.998073413177377,30.0
29.99809248765614,30.0
29.998111373285,30.0
29.99813007193369,30.0
29.99814858545344,30.0
29.998166915677146,30.0
29.998185064419562,30.0
29.998203033477473,30.0
29.998220824629872,30.0
29.998238439638143,30.0
29.998255880246226,30.0
29.9982731481808,30.0
29.998290245151445,30.0
29.99830717285082,30.0
29.998323932954815,30.0
29.998340527122743,30.0
29.998356956997476,30.0
29.998373224205626,30.0
29.998389330357696,30.0
29.998405277048253,30.0
29.998421065856064,30.0
29.99843669834428,30.0
29.99845217606056,30.0
29.998467500537256,30.0
29.998482673291534,30.0
29.99849769582555,30.0
29.99851256962658,30.0
29.998527296167186,30.0
29.998541876905335,30.0
29.99855631328457,30.0
29.99857060673414,30.0
29.998584758669146,30.0
29.99859877049067,30.0
29.99861264358593,30.0
29.998626379328407,30.0
29.998639979077986,30.0
29.998653444181084,30.0
29.99866677597079,30.0
29.998679975766997,30.0
29.998693044876525,30.0
29.998705984593258,30.0
29.998718796198272,30.0
29.998731480959957,30.0
29.998744040134145,30.0
29.99875647496423,30.0
29.99876878668131,30.0
29.99878097650428,30.0
29.998793045639967,30.0
29.998804995283262,30.0
29.998816826617215,30.0
29.99882854081317,30.0
29.998840139030868,30.0
29.99885162241857,30.0
29.998862992113168,30.0
29.9988742492403,30.0
29.998885394914456,30.0
29.998896430239096,30.0
29.998907356306752,30.0
29.99891817419914,30.0
29.998928884987265,30.0
29.998939489731534,30.0
29.998949989481847,30.0
