8.009307659715024,30.0
8.018611381587803,30.0
8.02791116728434,30.0
8.037207018469939,30.0
8.046498936809193,30.0
8.055786923965993,30.0
8.065070981603522,30.0
8.074351111384267,30.0
8.083627314970009,30.0
8.092899594021823,30.0
8.10216795020008,30.0
8.111432385164456,30.0
8.120692900573918,30.0
8.129949498086734,30.0
8.13920217936047,30.0
8.148450946051991,30.0
8.157695799817457,30.0
8.166936742312334,30.0
8.176173775191383,30.0
8.18540690010867,30.0
8.194636118717554,30.0
8.2038614326707,30.0
8.213082843620072,30.0
8.222300353216934,30.0
8.231513963111851,30.0
8.240723674954694,30.0
8.249929490394631,30.0
8.259131411080137,30.0
8.268329438658988,30.0
8.277523574778257,30.0
8.286713821084327,30.0
8.295900179222883,30.0
8.305082650838912,30.0
8.314261237576709,30.0
8.323435941079868,30.0
8.33260676299129,30.0
8.341773704953184,30.0
8.35093676860706,30.0
8.360095955593732,30.0
8.369251267553327,30.0
8.378402706125271,30.0
8.3875502729483,30.0
8.396693969660454,30.0
8.405833797899085,30.0
8.414969759300849,30.0
8.424101855501707,30.0
8.433230088136934,30.0
8.442354458841105,30.0
8.451474969248114,30.0
8.460591620991153,30.0
8.46970441570273,30.0
8.478813355014662,30.0
8.487918440558072,30.0
8.497019673963393,30.0
8.506117056860372,30.0
8.515210590878066,30.0
8.52430027764484,30.0
8.533386118788371,30.0
8.542468115935648,30.0
8.551546270712972,30.0
8.560620584745955,30.0
8.569691059659519,30.0
8.578757697077904,30.0
8.587820498624662,30.0
8.596879465922651,30.0
8.60593460059405,30.0
8.614985904260351,30.0
8.624033378542354,30.0
8.633077025060182,30.0
8.642116845433264,30.0
8.65115284128035,30.0
8.660185014219504,30.0
8.669213365868103,30.0
8.678237897842841,30.0
8.68725861175973,30.0
8.696275509234095,30.0
8.705288591880578,30.0
8.714297861313142,30.0
8.72330331914506,30.0
8.73230496698893,30.0
8.741302806456666,30.0
8.750296839159493,30.0
8.759287066707962,30.0
8.768273490711941,30.0
8.777256112780616,30.0
8.786234934522493,30.0
8.7952099575454,30.0
8.804181183456475,30.0
8.813148613862186,30.0
8.822112250368317,30.0
8.831072094579977,30.0
8.840028148101588,30.0
8.848980412536903,30.0
8.857928889488988,30.0
8.866873580560235,30.0
8.875814487352358,30.0
8.884751611466392,30.0
8.893684954502692,30.0
8.902614518060943,30.0
8.91154030374015,30.0
8.92046231313864,30.0
8.929380547854063,30.0
8.938295009483394,30.0
8.947205699622934,30.0
8.95611261986831,30.0
8.965015771814471,30.0
8.97391515705569,30.0
8.982810777185566,30.0
8.99170263379703,30.0
9.00059072848233,30.0
9.009475062833047,30.0
9.018355638440084,30.0
9.027232456893675,30.0
9.03610551978338,30.0
9.044974828698084,30.0
9.053840385226003,30.0
9.062702190954678,30.0
9.07156024747098,30.0
9.080414556361113,30.0
9.089265119210602,30.0
9.098111937604305,30.0
9.10695501312641,30.0
9.115794347360431,30.0
9.124629941889218,30.0
9.133461798294949,30.0
9.142289918159129,30.0
9.151114303062599,30.0
9.15993495458553,30.0
9.168751874307425,30.0
9.177565063807112,30.0
9.18637452466276,30.0
9.195180258451867,30.0
9.203982266751261,30.0
9.212780551137108,30.0
9.221575113184905,30.0
9.23036595446948,30.0
9.239153076564996,30.0
9.247936481044949,30.0
9.256716169482175,30.0
9.265492143448839,30.0
9.27426440451644,30.0
9.283032954255816,30.0
9.29179779423714,30.0
9.300558926029918,30.0
9.309316351202995,30.0
9.318070071324549,30.0
9.326820087962098,30.0
9.335566402682492,30.0
9.344309017051923,30.0
9.35304793263592,30.0
9.361783150999347,30.0
9.37051467370641,30.0
9.379242502320647,30.0
9.387966638404937,30.0
9.396687083521499,30.0
9.405403839231894,30.0
9.414116907097018,30.0
9.422826288677108,30.0
9.431531985531738,30.0
9.440233999219828,30.0
9.448932331299634,30.0
9.457626983328755,30.0
9.466317956864128,30.0
9.475005253462037,30.0
9.483688874678101,30.0
9.492368822067284,30.0
9.501045097183894,30.0
9.509717701581575,30.0
9.518386636813322,30.0
9.527051904431467,30.0
9.535713505987687,30.0
9.544371443033004,30.0
9.553025717117784,30.0
9.561676329791734,30.0
9.570323282603905,30.0
9.578966577102697,30.0
9.587606214835855,30.0
9.596242197350463,30.0
9.604874526192955,30.0
9.613503202909108,30.0
9.622128229044048,30.0
9.630749606142249,30.0
9.639367335747526,30.0
9.647981419403045,30.0
9.656591858651318,30.0
9.665198655034203,30.0
9.673801810092908,30.0
9.682401325367987,30.0
9.690997202399345,30.0
9.699589442726232,30.0
9.708178047887248,30.0
9.716763019420345,30.0
9.725344358862817,30.0
9.733922067751315,30.0
9.74249614762184,30.0
9.751066600009736,30.0
9.759633426449703,30.0
9.768196628475792,30.0
9.7767562076214,30.0
9.785312165419281,30.0
9.79386450340154,30.0
9.80241322309963,30.0
9.81095832604436,30.0
9.819499813765887,30.0
9.828037687793724,30.0
9.836571949656737,30.0
9.845102600883141,30.0
9.853629643000513,30.0
9.862153077535776,30.0
9.870672906015209,30.0
9.879189129964445,30.0
9.887701750908473,30.0
9.896210770371635,30.0
9.904716189877632,30.0
9.913218010949514,30.0
9.921716235109692,30.0
9.930210863879932,30.0
9.938701898781353,30.0
9.947189341334433,30.0
9.955673193059006,30.0
9.964153455474264,30.0
9.972630130098757,30.0
9.98110321845039,30.0
9.989572722046425,30.0
9.99803864240349,30.0
10.006500981037558,30.0
10.015089635895283,30.0
10.02367460130414,30.0
10.032255878849021,30.0
10.040833470114126,30.0
10.049407376682979,30.0
10.057977600138425,30.0
10.066544142062625,30.0
10.075107004037068,30.0
10.083666187642557,30.0
10.092221694459216,30.0
10.10077352606649,30.0
10.109321684043152,30.0
10.11786616996729,30.0
10.126406985416317,30.0
10.134944131966964,30.0
10.143477611195294,30.0
10.152007424676686,30.0
10.160533573985841,30.0
10.16905606069679,30.0
10.177574886382878,30.0
10.186090052616787,30.0
10.194601560970515,30.0
10.203109413015383,30.0
10.211613610322043,30.0
10.220114154460468,30.0
10.228611046999958,30.0
10.23710428950914,30.0
10.245593883555966,30.0
10.254079830707713,30.0
10.262562132530991,30.0
10.27104079059173,30.0
10.279515806455187,30.0
10.287987181685953,30.0
10.296454917847942,30.0
10.304919016504396,30.0
10.31337947921789,30.0
10.32183630755032,30.0
10.330289503062922,30.0
10.338739067316247,30.0
10.34718500187019,30.0
10.355627308283967,30.0
10.364065988116128,30.0
10.37250104292455,30.0
10.380932474266448,30.0
10.389360283698359,30.0
10.397784472776156,30.0
10.406205043055042,30.0
10.414621996089558,30.0
10.423035333433567,30.0
10.431445056640271,30.0
10.439851167262205,30.0
10.448253666851237,30.0
10.456652556958563,30.0
10.46504783913472,30.0
10.47343951492957,30.0
10.481827585892322,30.0
10.490212053571508,30.0
10.498592919515001,30.0
10.506970185270006,30.0
10.515343852383065,30.0
10.523713922400056,30.0
10.532080396866188,30.0
10.540443277326016,30.0
10.54880256532342,30.0
10.557158262401629,30.0
10.565510370103198,30.0
10.573858889970026,30.0
10.582203823543349,30.0
10.590545172363736,30.0
10.598882937971101,30.0
10.60721712190469,30.0
10.615547725703092,30.0
10.623874750904235,30.0
10.632198199045387,30.0
10.640518071663156,30.0
10.648834370293482,30.0
10.657147096471654,30.0
10.665456251732301,30.0
10.673761837609387,30.0
10.682063855636223,30.0
10.690362307345456,30.0
10.698657194269082,30.0
10.706948517938432,30.0
10.71523627988418,30.0
10.72352048163635,30.0
10.731801124724296,30.0
10.740078210676725,30.0
10.748351741021683,30.0
10.75662171728656,30.0
10.764888140998092,30.0
10.773151013682359,30.0
10.78141033686478,30.0
10.78966611207013,30.0
10.797918340822516,30.0
10.806167024645397,30.0
10.81441216506158,30.0
10.822653763593209,30.0
10.830891821761785,30.0
10.83912634108815,30.0
10.847357323092488,30.0
10.855584769294339,30.0
10.863808681212586,30.0
10.872029060365456,30.0
10.880245908270531,30.0
10.888459226444738,30.0
10.89666901640435,30.0
10.904875279664992,30.0
10.913078017741636,30.0
10.9212772321486,30.0
10.929472924399562,30.0
10.937665096007535,30.0
10.945853748484897,30.0
10.954038883343365,30.0
10.962220502094013,30.0
10.970398606247262,30.0
10.978573197312887,30.0
10.986744276800014,30.0
10.994911846217121,30.0
11.003075907072034,30.0
11.011236460871938,30.0
11.019393509123365,30.0
11.0275470533322,30.0
11.035697095003684,30.0
11.043843635642414,30.0
11.051986676752332,30.0
11.06012621983674,30.0
11.068262266398296,30.0
11.076394817939008,30.0
11.08452387596024,30.0
11.09264944196271,30.0
11.100771517446493,30.0
11.108890103911023,30.0
11.117005202855083,30.0
11.125116815776817,30.0
11.133224944173723,30.0
11.141329589542657,30.0
11.149430753379832,30.0
11.157528437180815,30.0
11.165622642440539,30.0
11.173713370653285,30.0
11.181800623312697,30.0
11.189884401911776,30.0
11.197964707942884,30.0
11.20604154289774,30.0
11.214114908267423,30.0
11.22218480554237,30.0
11.230251236212379,30.0
11.238314201766606,30.0
11.246373703693571,30.0
11.25442974348115,30.0
11.262482322616588,30.0
11.270531442586481,30.0
11.278577104876792,30.0
11.286619310972846,30.0
11.294658062359325,30.0
11.30269336052028,30.0
11.310725206939122,30.0
11.31875360309862,30.0
11.326778550480913,30.0
11.334800050567502,30.0
11.342818104839246,30.0
11.350832714776374,30.0
11.358843881858476,30.0
11.36685160756451,30.0
11.374855893372793,30.0
11.38285674076101,30.0
11.390854151206213,30.0
11.398848126184816,30.0
11.406838667172604,30.0
11.414825775644722,30.0
11.422809453075686,30.0
11.430789700939375,30.0
11.438766520709034,30.0
11.446739913857282,30.0
11.454709881856097,30.0
11.46267642617683,30.0
11.470639548290201,30.0
11.478599249666292,30.0
11.48655553177456,30.0
11.494508396083823,30.0
11.502457844062278,30.0
11.510403877177485,30.0
11.518346496896378,30.0
11.526285704685254,30.0
11.534221502009782,30.0
11.542153890335008,30.0
11.55008287112534,30.0
11.558008445844564,30.0
11.565930615955832,30.0
11.573849382921672,30.0
11.58176474820398,30.0
11.589676713264023,30.0
11.597585279562445,30.0
11.605490448559259,30.0
11.613392221713852,30.0
11.621290600484986,30.0
11.629185586330792,30.0
11.63707718070878,30.0
11.644965385075825,30.0
11.652850200888189,30.0
11.660731629601496,30.0
11.668609672670755,30.0
11.676484331550341,30.0
11.684355607694009,30.0
11.692223502554892,30.0
11.700088017585493,30.0
11.707949154237692,30.0
11.715806913962751,30.0
11.723661298211304,30.0
11.73151230843336,30.0
11.73935994607831,30.0
11.747204212594916,30.0
11.755045109431325,30.0
11.762882638035059,30.0
11.770716799853016,30.0
11.778547596331475,30.0
11.786375028916094,30.0
11.794199099051909,30.0
11.802019808183331,30.0
11.80983715775416,30.0
11.817651149207567,30.0
11.825461783986107,30.0
11.833269063531713,30.0
11.841072989285703,30.0
11.848873562688773,30.0
11.856670785181002,30.0
11.864464658201847,30.0
11.872255183190145,30.0
11.880042361584124,30.0
11.887826194821386,30.0
11.895606684338915,30.0
11.903383831573084,30.0
11.911157637959647,30.0
11.918928104933737,30.0
11.926695233929873,30.0
11.934459026381962,30.0
11.942219483723289,30.0
11.949976607386525,30.0
11.957730398803722,30.0
11.965480859406327,30.0
11.973227990625162,30.0
11.980971793890443,30.0
11.988712270631762,30.0
11.996449422278104,30.0
12.004183250257839,30.0
12.01191375599872,30.0
12.01964094092789,30.0
12.027364806471876,30.0
12.035085354056598,30.0
12.04280258510736,30.0
12.05051650104885,30.0
12.05822710330515,30.0
12.065934393299724,30.0
12.07363837245543,30.0
12.081339042194514,30.0
12.08903640393861,30.0
12.096730459108741,30.0
12.10442120912532,30.0
12.112108655408147,30.0
12.119792799376416,30.0
12.127473642448713,30.0
12.135151186043007,30.0
12.142825431576668,30.0
12.150496380466446,30.0
12.158164034128493,30.0
12.165828393978344,30.0
12.173489461430933,30.0
12.181147237900582,30.0
12.188801724801007,30.0
12.196452923545312,30.0
12.204100835546004,30.0
12.211745462214974,30.0
12.21938680496351,30.0
12.227024865202292,30.0
12.234659644341399,30.0
12.242291143790297,30.0
12.24991936495785,30.0
12.25754430925232,30.0
12.265165978081363,30.0
12.272784372852026,30.0
12.280399494970752,30.0
12.288011345843383,30.0
12.295619926875158,30.0
12.30322523947071,30.0
12.310827285034065,30.0
12.318426064968655,30.0
12.326021580677299,30.0
12.333613833562222,30.0
12.341202825025043,30.0
12.348788556466776,30.0
12.356371029287839,30.0
12.363950244888045,30.0
12.371526204666605,30.0
12.37909891002213,30.0
12.38666836235263,30.0
12.394234563055516,30.0
12.401797513527594,30.0
12.409357215165077,30.0
12.416913669363574,30.0
12.424466877518093,30.0
12.432016841023046,30.0
12.439563561272244,30.0
12.447107039658903,30.0
12.454647277575635,30.0
12.462184276414458,30.0
12.469718037566789,30.0
12.477248562423451,30.0
12.484775852374664,30.0
12.492299908810057,30.0
12.499820733118657,30.0
12.507338326688895,30.0
12.514852690908612,30.0
12.522363827165044,30.0
12.529871736844836,30.0
12.537376421334034,30.0
12.544877882018092,30.0
12.55237612028187,30.0
12.559871137509628,30.0
12.567362935085036,30.0
12.574851514391167,30.0
12.582336876810498,30.0
12.589819023724917,30.0
12.597297956515717,30.0
12.604773676563596,30.0
12.612246185248658,30.0
12.619715483950419,30.0
12.627181574047796,30.0
12.63464445691912,30.0
12.642104133942123,30.0
12.64956060649395,30.0
12.657013875951154,30.0
12.664463943689697,30.0
12.671910811084949,30.0
12.679354479511687,30.0
12.686794950344101,30.0
12.694232224955787,30.0
12.701666304719755,30.0
12.709097191008421,30.0
12.716524885193618,30.0
12.723949388646584,30.0
12.73137070273797,30.0
12.738788828837833,30.0
12.746203768315652,30.0
12.753615522540308,30.0
12.761024092880099,30.0
12.768429480702732,30.0
12.775831687375334,30.0
12.783230714264434,30.0
12.79062656273598,30.0
12.798019234155333,30.0
12.805408729887269,30.0
12.812795051295971,30.0
12.820178199745044,30.0
12.827558176597503,30.0
12.834934983215778,30.0
12.842308620961713,30.0
12.84967909119657,30.0
12.857046395281024,30.0
12.864410534575164,30.0
12.8717715104385,30.0
12.87912932422995,30.0
12.886483977307858,30.0
12.893835471029973,30.0
12.901183806753473,30.0
12.908528985834941,30.0
12.915871009630386,30.0
12.923209879495236,30.0
12.930545596784327,30.0
12.93787816285192,30.0
12.945207579051694,30.0
12.952533846736742,30.0
12.95985696725958,30.0
12.967176941972141,30.0
12.974493772225784,30.0
12.981807459371275,30.0
12.989118004758812,30.0
12.996425409738002,30.0
13.00372967565788,30.0
13.011030803866898,30.0
13.018328795712932,30.0
13.025623652543278,30.0
13.03291537570465,30.0
13.040203966543185,30.0
13.047489426404443,30.0
13.054771756633407,30.0
13.062050958574478,30.0
13.069327033571483,30.0
13.076599982967672,30.0
13.083869808105714,30.0
13.091136510327708,30.0
13.098400090975169,30.0
13.10566055138904,30.0
13.112917892909689,30.0
13.120172116876905,30.0
13.1274232246299,30.0
13.134671217507318,30.0
13.141916096847222,30.0
13.149157863987103,30.0
13.156396520263872,30.0
13.163632067013875,30.0
13.170864505572876,30.0
13.178093837276066,30.0
13.185320063458068,30.0
13.192543185452926,30.0
13.199763204594117,30.0
13.206980122214535,30.0
13.214193939646513,30.0
13.221404658221804,30.0
13.22861227927159,30.0
13.235816804126486,30.0
13.243018234116526,30.0
13.250216570571183,30.0
13.257411814819353,30.0
13.264603968189363,30.0
13.271793032008969,30.0
13.278979007605354,30.0
13.286161896305138,30.0
13.293341699434365,30.0
13.300518418318507,30.0
13.307692054282477,30.0
13.314862608650607,30.0
13.322030082746668,30.0
13.329194477893857,30.0
13.336355795414807,30.0
13.343514036631582,30.0
13.350669202865678,30.0
13.357821295438022,30.0
13.364970315668973,30.0
13.372116264878326,30.0
13.379259144385305,30.0
13.386398955508568,30.0
13.393535699566211,30.0
13.400669377875758,30.0
13.407799991754171,30.0
13.414927542517848,30.0
13.422052031482615,30.0
13.429173459963735,30.0
13.436291829275909,30.0
13.443407140733274,30.0
13.450519395649398,30.0
13.457628595337283,30.0
13.464734741109375,30.0
13.47183783427755,30.0
13.478937876153125,30.0
13.48603486804685,30.0
13.49312881126891,30.0
13.500219707128934,30.0
13.50730755693598,30.0
13.514392361998553,30.0
13.52147412362459,30.0
13.528552843121464,30.0
13.535628521795992,30.0
13.54270116095443,30.0
13.549770761902465,30.0
13.556837325945231,30.0
13.563900854387299,30.0
13.570961348532677,30.0
13.578018809684817,30.0
13.58507323914661,30.0
13.592124638220383,30.0
13.59917300820791,30.0
13.606218350410401,30.0
13.613260666128511,30.0
13.620299956662333,30.0
13.6273362233114,30.0
13.63436946737469,30.0
13.641399690150624,30.0
13.648426892937067,30.0
13.65545107703132,30.0
13.662472243730125,30.0
13.669490394329678,30.0
13.67650553012561,30.0
13.683517652412998,30.0
13.69052676248636,30.0
13.697532861639662,30.0
13.70453595116631,30.0
13.71153603235916,30.0
13.718533106510506,30.0
13.725527174912092,30.0
13.732518238855103,30.0
13.739506299630172,30.0
13.74649135852738,30.0
13.753473416836247,30.0
13.760452475845742,30.0
13.767428536844285,30.0
13.774401601119735,30.0
13.781371669959405,30.0
13.788338744650048,30.0
13.795302826477869,30.0
13.80226391672852,30.0
13.809222016687102,30.0
13.81617712763816,30.0
13.823129250865687,30.0
13.830078387653128,30.0
13.837024539283373,30.0
13.843967707038768,30.0
13.8509078922011,30.0
13.857845096051609,30.0
13.864779319870983,30.0
13.871710564939363,30.0
13.878638832536339,30.0
13.885564123940949,30.0
13.892486440431682,30.0
13.899405783286479,30.0
13.906322153782732,30.0
13.913235553197286,30.0
13.920145982806432,30.0
13.92705344388592,30.0
13.933957937710947,30.0
13.940859465556162,30.0
13.94775802869567,30.0
13.954653628403026,30.0
13.961546265951242,30.0
13.968435942612775,30.0
13.975322659659543,30.0
13.982206418362914,30.0
13.989087219993706,30.0
13.995965065822201,30.0
14.00283995711813,30.0
14.009711895150676,30.0
14.016580881188482,30.0
14.02344691649964,30.0
14.030310002351705,30.0
14.03717014001168,30.0
14.044027330746028,30.0
14.050881575820666,30.0
14.05773287650097,30.0
14.064581234051767,30.0
14.071426649737347,30.0
14.078269124821453,30.0
14.085108660567286,30.0
14.091945258237505,30.0
14.098778919094226,30.0
14.105609644399024,30.0
14.11243743541293,30.0
14.119262293396435,30.0
14.126084219609487,30.0
14.132903215311492,30.0
14.13971928176132,30.0
14.146532420217294,30.0
14.153342631937202,30.0
14.160149918178286,30.0
14.166954280197253,30.0
14.173755719250266,30.0
14.180554236592952,30.0
14.187349833480397,30.0
14.194142511167147,30.0
14.200932270907211,30.0
14.207719113954058,30.0
14.214503041560619,30.0
14.221284054979286,30.0
14.228062155461915,30.0
14.234837344259821,30.0
14.241609622623784,30.0
14.248378991804046,30.0
14.255145453050313,30.0
14.26190900761175,30.0
14.268669656736993,30.0
14.275427401674134,30.0
14.282182243670734,30.0
14.288934183973813,30.0
14.295683223829862,30.0
14.30242936448483,30.0
14.309172607184136,30.0
14.31591295317266,30.0
14.32265040369475,30.0
14.329384959994217,30.0
14.336116623314341,30.0
14.342845394897864,30.0
14.349571275986998,30.0
14.356294267823419,30.0
14.36301437164827,30.0
14.369731588702159,30.0
14.376445920225166,30.0
14.383157367456834,30.0
14.389865931636175,30.0
14.396571614001669,30.0
14.403274415791264,30.0
14.409974338242375,30.0
14.416671382591886,30.0
14.42336555007615,30.0
14.430056841930991,30.0
14.436745259391698,30.0
14.44343080369303,30.0
14.45011347606922,30.0
14.456793277753965,30.0
14.463470209980436,30.0
14.470144273981273,30.0
14.476815470988587,30.0
14.483483802233959,30.0
14.49014926894844,30.0
14.496811872362553,30.0
14.503471613706296,30.0
14.510128494209132,30.0
14.516782515100001,30.0
14.523433677607313,30.0
14.53008198295895,30.0
14.536727432382268,30.0
14.543370027104093,30.0
14.550009768350728,30.0
14.556646657347947,30.0
14.563280695320996,30.0
14.569911883494598,30.0
14.576540223092946,30.0
14.583165715339712,30.0
14.589788361458037,30.0
14.596408162670542,30.0
14.603025120199318,30.0
14.609639235265933,30.0
14.61625050909143,30.0
14.622858942896327,30.0
14.62946453790062,30.0
14.63606729532378,30.0
14.642667216384751,30.0
14.649264302301958,30.0
14.6558585542933,30.0
14.662449973576152,30.0
14.669038561367369,30.0
14.67562431888328,30.0
14.682207247339694,30.0
14.688787347951896,30.0
14.695364621934651,30.0
14.7019390705022,30.0
14.708510694868265,30.0
14.715079496246043,30.0
14.721645475848211,30.0
14.72820863488693,30.0
14.73476897457383,30.0
14.741326496120033,30.0
14.74788120073613,30.0
14.754433089632197,30.0
14.760982164017792,30.0
14.767528425101949,30.0
14.774071874093185,30.0
14.780612512199497,30.0
14.787150340628363,30.0
14.793685360586744,30.0
14.800217573281081,30.0
14.806746979917298,30.0
14.813273581700798,30.0
14.81979737983647,30.0
14.826318375528682,30.0
14.832836569981287,30.0
14.839351964397622,30.0
14.845864559980503,30.0
14.852374357932232,30.0
14.858881359454594,30.0
14.86538556574886,30.0
14.871886978015779,30.0
14.878385597455589,30.0
14.884881425268013,30.0
14.891374462652257,30.0
14.89786471080701,30.0
14.90435217093045,30.0
14.910836844220237,30.0
14.917318731873516,30.0
14.923797835086923,30.0
14.930274155056575,30.0
14.936747692978075,30.0
14.943218450046517,30.0
14.949686427456477,30.0
14.95615162640202,30.0
14.962614048076697,30.0
14.969073693673547,30.0
14.975530564385096,30.0
14.98198466140336,30.0
14.988435985919837,30.0
14.994884539125522,30.0
15.00133032221089,30.0
15.007870781090343,30.0
15.014408387876694,30.0
15.02094314381365,30.0
15.02747505014438,30.0
15.03400410811151,30.0
15.040530318957124,30.0
15.047053683922764,30.0
15.053574204249431,30.0
15.060091881177584,30.0
15.066606715947142,30.0
15.073118709797482,30.0
15.079627863967444,30.0
15.086134179695323,30.0
15.092637658218878,30.0
15.099138300775326,30.0
15.105636108601345,30.0
15.112131082933074,30.0
15.118623225006111,30.0
15.12511253605552,30.0
15.131599017315821,30.0
15.138082670021,30.0
15.144563495404501,30.0
15.151041494699234,30.0
15.157516669137568,30.0
15.163989019951336,30.0
15.170458548371835,30.0
15.176925255629824,30.0
15.183389142955523,30.0
15.189850211578621,30.0
15.196308462728267,30.0
15.202763897633071,30.0
15.209216517521115,30.0
15.21566632361994,30.0
15.222113317156552,30.0
15.228557499357423,30.0
15.234998871448491,30.0
15.24143743465516,30.0
15.247873190202295,30.0
15.254306139314233,30.0
15.260736283214772,30.0
15.267163623127178,30.0
15.273588160274187,30.0
15.280009895877996,30.0
15.286428831160272,30.0
15.29284496734215,30.0
15.299258305644232,30.0
15.305668847286586,30.0
15.312076593488753,30.0
15.318481545469735,30.0
15.324883704448007,30.0
15.331283071641511,30.0
15.33767964826766,30.0
15.344073435543333,30.0
15.35046443468488,30.0
15.356852646908123,30.0
15.36323807342835,30.0
15.369620715460321,30.0
15.376000574218265,30.0
15.382377650915881,30.0
15.388751946766343,30.0
15.39512346298229,30.0
15.401492200775838,30.0
15.407858161358568,30.0
15.41422134594154,30.0
15.42058175573528,30.0
15.426939391949787,30.0
15.433294255794538,30.0
15.439646348478474,30.0
15.445995671210017,30.0
15.452342225197055,30.0
15.458686011646954,30.0
15.465027031766551,30.0
15.471365286762158,30.0
15.47770077783956,30.0
15.484033506204018,30.0
15.490363473060265,30.0
15.49669067961251,30.0
15.503015127064437,30.0
15.509336816619205,30.0
15.515655749479448,30.0
15.521971926847277,30.0
15.528285349924275,30.0
15.534596019911506,30.0
15.540903938009507,30.0
15.547209105418291,30.0
15.55351152333735,30.0
15.559811192965654,30.0
15.566108115501645,30.0
15.572402292143247,30.0
15.57869372408786,30.0
15.58498241253236,30.0
15.591268358673107,30.0
15.597551563705933,30.0
15.603832028826151,30.0
15.610109755228553,30.0
15.61638474410741,30.0
15.622656996656472,30.0
15.628926514068969,30.0
15.635193297537608,30.0
15.641457348254578,30.0
15.64771866741155,30.0
15.65397725619967,30.0
15.660233115809572,30.0
15.666486247431363,30.0
15.672736652254638,30.0
