Model 1,8,0,0.9780833333333327
Model 1,8.5,0,1.0898055555555552
Model 1,9.0,0,0.9395555555555546
Model 1,9.5,0,0.7699722222222216
Model 1,10.0,0,0.5477499999999997
Model 1,10.5,0,0.32794444444444437
Model 1,11.0,0,0.18949999999999995
Model 1,12.0,0,0.21583333333333315
Model 1,12.5,0,0.6837222222222219
Model 1,13.0,0,0.5946666666666662
Model 1,13.5,0,0.733805555555556
Model 1,14.0,0,0.5480555555555555
Model 1,14.5,0,0.4331111111111118
Model 1,15.0,0,0.2532222222222223
Model 1,8,0.2,0.5118888888888892
Model 1,8.5,0.2,0.33777777777777745
Model 1,9.5,0.2,0.1674999999999999
Model 1,10.0,0.2,0.808
Model 1,10.5,0.2,0.7350833333333319
Model 1,11.0,0.2,0.9385555555555558
Model 1,11.5,0.2,0.7733333333333341
Model 1,12.0,0.2,0.6735277777777777
Model 1,12.5,0.2,0.4594722222222218
Model 1,13.0,0.2,0.21138888888888901
Model 1,13.5,0.2,0.1201111111111111
Model 1,14.5,0.2,0.012333333333333337
Model 1,15.0,0.2,0.3886388888888889
Model 1,8,0.4,0.9911944444444448
Model 1,8.5,0.4,1.1235833333333336
Model 1,9.0,0.4,1.0198333333333331
Model 1,9.5,0.4,0.8589166666666662
Model 1,10.0,0.4,0.7073333333333338
Model 1,10.5,0.4,0.42069444444444465
Model 1,11.0,0.4,0.24880555555555534
Model 1,11.5,0.4,0.3209444444444445
Model 1,12.5,0.4,0.5430277777777782
Model 1,13.0,0.4,0.6581388888888879
Model 1,13.5,0.4,0.6548888888888885
Model 1,14.0,0.4,0.6640833333333336
Model 1,14.5,0.4,0.5333611111111108
Model 1,15.0,0.4,0.32616666666666694
Model 1,8,0.6000000000000001,0.6780277777777775
Model 1,8.5,0.6000000000000001,0.4511666666666668
Model 1,9.0,0.6000000000000001,0.4549722222222224
Model 1,10.0,0.6000000000000001,0.5376666666666674
Model 1,10.5,0.6000000000000001,0.8835000000000001
Model 1,11.0,0.6000000000000001,0.8421666666666661
Model 1,11.5,0.6000000000000001,0.8999999999999994
Model 1,12.0,0.6000000000000001,0.741333333333333
Model 1,12.5,0.6000000000000001,0.5348333333333328
Model 1,13.0,0.6000000000000001,0.35786111111111124
Model 1,13.5,0.6000000000000001,0.1629444444444444
Model 1,14.0,0.6000000000000001,0.11144444444444444
Model 1,15.0,0.6000000000000001,0.1720555555555556
Model 1,8,0.8,1.05986111111111
Model 1,8.5,0.8,0.9805555555555546
Model 1,9.0,0.8,1.1285555555555564
Model 1,9.5,0.8,0.9568333333333334
Model 1,10.0,0.8,0.8161111111111111
Model 1,10.5,0.8,0.5921666666666658
Model 1,11.0,0.8,0.34600000000000036
Model 1,11.5,0.8,0.18280555555555564
Model 1,12.5,0.8,0.1934722222222224
Model 1,13.0,0.8,0.688861111111111
Model 1,13.5,0.8,0.567277777777778
Model 1,14.0,0.8,0.7669999999999996
Model 1,14.5,0.8,0.5691666666666659
Model 1,15.0,0.8,0.46874999999999944
Model 1,8,1.0,0.8337499999999995
Model 1,8.5,1.0,0.5127222222222222
Model 1,9.0,1.0,0.3630000000000001
Model 1,10.0,1.0,0.11733333333333329
Model 1,10.5,1.0,0.7789722222222223
Model 1,11.0,1.0,0.7641388888888901
Model 1,11.5,1.0,0.9628611111111104
Model 1,12.0,1.0,0.8194722222222217
Model 1,12.5,1.0,0.6834444444444436
Model 1,13.0,1.0,0.48669444444444493
Model 1,13.5,1.0,0.2315277777777777
Model 1,14.0,1.0,0.12780555555555553
Model 1,14.5,1.0,0.24505555555555553
Model 1,8,1.2,0.9425833333333331
Model 1,8.5,1.2,1.0482499999999992
Model 1,9.0,1.2,1.1510833333333348
Model 1,9.5,1.2,1.0558055555555559
Model 1,10.0,1.2,0.904999999999999
Model 1,10.5,1.2,0.7346111111111109
Model 1,11.0,1.2,0.4422222222222223
Model 1,11.5,1.2,0.2635277777777778
Model 1,12.0,1.2,0.29108333333333325
Model 1,13.0,1.2,0.488333333333333
Model 1,13.5,1.2,0.6460833333333333
Model 1,14.0,1.2,0.6717222222222214
Model 1,14.5,1.2,0.6879999999999993
Model 1,15.0,1.2,0.5618055555555554
Model 1,8,1.4,0.9222222222222219
Model 1,8.5,1.4,0.7100555555555562
Model 1,9.0,1.4,0.4688611111111115
Model 1,9.5,1.4,0.42972222222222217
Model 1,10.5,1.4,0.49861111111111084
Model 1,11.0,1.4,0.8991111111111113
Model 1,11.5,1.4,0.8332222222222216
Model 1,12.0,1.4,0.9140277777777779
Model 1,12.5,1.4,0.7627222222222229
Model 1,13.0,1.4,0.5721111111111112
Model 1,13.5,1.4,0.3663055555555559
Model 1,14.0,1.4,0.17797222222222225
Model 1,14.5,1.4,0.09838888888888891
Model 1,8,1.5999999999999999,0.4475277777777782
Model 1,8.5,1.5999999999999999,1.1134722222222218
Model 1,9.0,1.5999999999999999,1.0079444444444443
Model 1,9.5,1.5999999999999999,1.1487499999999993
Model 1,10.0,1.5999999999999999,0.9822500000000004
Model 1,10.5,1.5999999999999999,0.8419444444444437
Model 1,11.0,1.5999999999999999,0.6359444444444438
Model 1,11.5,1.5999999999999999,0.33925000000000005
Model 1,12.0,1.5999999999999999,0.17405555555555557
Model 1,13.0,1.5999999999999999,0.1686944444444445
Model 1,13.5,1.5999999999999999,0.6666111111111107
Model 1,14.0,1.5999999999999999,0.5671388888888883
Model 1,14.5,1.5999999999999999,0.7702222222222216
Model 1,15.0,1.5999999999999999,0.5914999999999991
Model 1,8,1.7999999999999998,1.086833333333332
Model 1,8.5,1.7999999999999998,0.8718055555555562
Model 1,9.0,1.7999999999999998,0.5157499999999997
Model 1,9.5,1.7999999999999998,0.3834999999999997
Model 1,10.5,1.7999999999999998,0.07752777777777776
Model 1,11.0,1.7999999999999998,0.7798055555555555
Model 1,11.5,1.7999999999999998,0.7738333333333334
Model 1,12.0,1.7999999999999998,0.9684166666666671
Model 1,12.5,1.7999999999999998,0.8501944444444433
Model 1,13.0,1.7999999999999998,0.6935833333333333
Model 1,13.5,1.7999999999999998,0.49952777777777757
Model 1,14.0,1.7999999999999998,0.2388611111111111
Model 1,14.5,1.7999999999999998,0.12138888888888884
Model 1,15.0,1.7999999999999998,0.22966666666666677
Model 1,8.5,1.9999999999999998,0.9803333333333324
Model 1,9.0,1.9999999999999998,1.0678333333333325
Model 1,9.5,1.9999999999999998,1.1335555555555548
Model 1,10.0,1.9999999999999998,1.0916388888888884
Model 1,10.5,1.9999999999999998,0.9465000000000005
Model 1,11.0,1.9999999999999998,0.7419444444444437
Model 1,11.5,1.9999999999999998,0.46594444444444477
Model 1,12.0,1.9999999999999998,0.26622222222222225
Model 1,12.5,1.9999999999999998,0.28322222222222226
Model 1,13.5,1.9999999999999998,0.44397222222222205
Model 1,14.0,1.9999999999999998,0.6598888888888883
Model 1,14.5,1.9999999999999998,0.6686388888888888
Model 1,15.0,1.9999999999999998,0.7217500000000002
Model 1,8,2.1999999999999997,1.1641111111111104
Model 1,8.5,2.1999999999999997,0.9546666666666657
Model 1,9.0,2.1999999999999997,0.7296666666666674
Model 1,9.5,2.1999999999999997,0.45561111111111136
Model 1,10.0,2.1999999999999997,0.38758333333333356
Model 1,11.0,2.1999999999999997,0.4313611111111115
Model 1,11.5,2.1999999999999997,0.8903055555555557
Model 1,12.0,2.1999999999999997,0.8245555555555563
Model 1,12.5,2.1999999999999997,0.9377499999999994
Model 1,13.0,2.1999999999999997,0.7823333333333337
Model 1,13.5,2.1999999999999997,0.5934722222222227
Model 1,14.0,2.1999999999999997,0.37641666666666634
Model 1,14.5,2.1999999999999997,0.1858055555555556
Model 1,15.0,2.1999999999999997,0.08177777777777778
Model 1,8.5,2.4,0.40819444444444447
Model 1,9.0,2.4,1.114055555555555
Model 1,9.5,2.4,1.0236388888888892
Model 1,10.0,2.4,1.174416666666667
Model 1,10.5,2.4,0.9897222222222215
Model 1,11.0,2.4,0.856638888888889
Model 1,11.5,2.4,0.6348611111111111
Model 1,12.0,2.4,0.324361111111111
Model 1,12.5,2.4,0.17269444444444443
Model 1,13.5,2.4,0.12438888888888894
Model 1,14.0,2.4,0.6412222222222221
Model 1,14.5,2.4,0.5591388888888887
Model 1,15.0,2.4,0.7767499999999995
Model 1,8,2.6,1.219333333333333
Model 1,8.5,2.6,1.116777777777777
Model 1,9.0,2.6,0.8794444444444457
Model 1,9.5,2.6,0.5352500000000002
Model 1,10.0,2.6,0.3870000000000002
Model 1,11.0,2.6,0.028583333333333318
Model 1,11.5,2.6,0.7666388888888878
Model 1,12.0,2.6,0.82375
Model 1,12.5,2.6,0.9674722222222232
Model 1,13.0,2.6,0.8534722222222219
Model 1,13.5,2.6,0.6780555555555551
Model 1,14.0,2.6,0.507055555555556
Model 1,14.5,2.6,0.2485277777777778
Model 1,15.0,2.6,0.11058333333333333
Model 1,8,2.8000000000000003,0.6814444444444447
Model 1,9.0,2.8000000000000003,0.9604166666666657
Model 1,9.5,2.8000000000000003,1.0800555555555562
Model 1,10.0,2.8000000000000003,1.0880833333333326
Model 1,10.5,2.8000000000000003,1.099972222222223
Model 1,11.0,2.8000000000000003,0.9592777777777788
Model 1,11.5,2.8000000000000003,0.7231111111111099
Model 1,12.0,2.8000000000000003,0.48116666666666663
Model 1,12.5,2.8000000000000003,0.2613611111111111
Model 1,13.0,2.8000000000000003,0.2726666666666667
Model 1,14.0,2.8000000000000003,0.3784999999999999
Model 1,14.5,2.8000000000000003,0.7082499999999996
Model 1,15.0,2.8000000000000003,0.6519722222222224
Model 2,8,0,3.3255833333333262
Model 2,8.5,0,3.5274444444444395
Model 2,9.0,0,3.388305555555556
Model 2,9.5,0,2.8967777777777743
Model 2,10.0,0,2.279194444444446
Model 2,10.5,0,1.4238888888888879
Model 2,11.0,0,0.697166666666667
Model 2,11.5,0,0.7182499999999999
Model 2,12.5,0,1.2621111111111103
Model 2,13.0,0,2.0691111111111096
Model 2,13.5,0,2.0646111111111094
Model 2,14.0,0,2.2247500000000002
Model 2,14.5,0,1.748472222222222
Model 2,15.0,0,1.0522222222222226
Model 2,8,0.2,2.270972222222221
Model 2,8.5,0.2,1.4602500000000016
Model 2,9.0,0.2,1.1826944444444445
Model 2,10.0,0.2,1.3351666666666655
Model 2,10.5,0.2,2.8107499999999983
Model 2,11.0,0.2,2.582805555555556
Model 2,11.5,0.2,2.95422222222222
Model 2,12.0,0.2,2.420111111111112
Model 2,12.5,0.2,1.8772222222222221
Model 2,13.0,0.2,1.1557777777777776
Model 2,13.5,0.2,0.3621944444444445
Model 2,14.0,0.2,0.08641666666666661
Model 2,15.0,0.2,0.27327777777777784
Model 2,8,0.4,3.4511666666666643
Model 2,8.5,0.4,3.1520833333333305
Model 2,9.0,0.4,3.6844444444444457
Model 2,9.5,0.4,3.1101388888888852
Model 2,10.0,0.4,2.689055555555555
Model 2,10.5,0.4,2.0199166666666644
Model 2,11.0,0.4,1.0155555555555553
Model 2,11.5,0.4,0.4242222222222222
Model 2,12.5,0.4,0.34147222222222207
Model 2,13.0,0.4,1.977777777777777
Model 2,13.5,0.4,1.8176111111111102
Model 2,14.0,0.4,2.4461111111111085
Model 2,14.5,0.4,1.941166666666667
Model 2,15.0,0.4,1.5570833333333352
Model 2,8,0.6000000000000001,2.7775833333333333
Model 2,8.5,0.6000000000000001,1.7320555555555532
Model 2,9.0,0.6000000000000001,1.2227777777777764
Model 2,10.0,0.6000000000000001,0.14455555555555535
Model 2,10.5,0.6000000000000001,2.394694444444446
Model 2,11.0,0.6000000000000001,2.583388888888887
Model 2,11.5,0.6000000000000001,3.0301666666666627
Model 2,12.0,0.6000000000000001,2.738694444444438
Model 2,12.5,0.6000000000000001,2.235777777777775
Model 2,13.0,0.6000000000000001,1.6418333333333308
Model 2,13.5,0.6000000000000001,0.7023611111111118
Model 2,14.0,0.6000000000000001,0.18502777777777782
Model 2,14.5,0.6000000000000001,0.4561388888888891
Model 2,8,0.8,2.8858055555555535
Model 2,8.5,0.8,3.4002222222222214
Model 2,9.0,0.8,3.50122222222222
Model 2,9.5,0.8,3.491361111111115
Model 2,10.0,0.8,3.0156666666666676
Model 2,10.5,0.8,2.3513055555555553
Model 2,11.0,0.8,1.5642500000000001
Model 2,11.5,0.8,0.7901666666666661
Model 2,12.0,0.8,0.7351666666666664
Model 2,13.0,0.8,1.1881111111111122
Model 2,13.5,0.8,2.175277777777777
Model 2,14.0,0.8,2.10325
Model 2,14.5,0.8,2.350999999999998
Model 2,15.0,0.8,1.811694444444441
Model 2,8,1.0,3.075583333333334
Model 2,8.5,1.0,2.3871666666666664
Model 2,9.0,1.0,1.543749999999999
Model 2,9.5,1.0,1.167805555555556
Model 2,10.5,1.0,1.2117499999999979
Model 2,11.0,1.0,2.8493888888888876
Model 2,11.5,1.0,2.6045555555555535
Model 2,12.0,1.0,3.059666666666665
Model 2,12.5,1.0,2.5133888888888847
Model 2,13.0,1.0,2.0152222222222194
Model 2,13.5,1.0,1.2840833333333317
Model 2,14.0,1.0,0.42677777777777776
Model 2,14.5,1.0,0.0736388888888889
Model 2,8,1.2,1.12486111111111
Model 2,8.5,1.2,3.463166666666664
Model 2,9.0,1.2,3.2039444444444425
Model 2,9.5,1.2,3.7700833333333317
Model 2,10.0,1.2,3.181999999999998
Model 2,10.5,1.2,2.798083333333335
Model 2,11.0,1.2,2.113833333333331
Model 2,11.5,1.2,1.088555555555555
Model 2,12.0,1.2,0.4992777777777774
Model 2,13.0,1.2,0.24616666666666642
Model 2,13.5,1.2,1.9621944444444441
Model 2,14.0,1.2,1.908972222222221
Model 2,14.5,1.2,2.507888888888886
Model 2,15.0,1.2,2.0569444444444422
Model 2,8,1.4,3.5466111111111096
Model 2,8.5,1.4,2.876972222222222
Model 2,9.0,1.4,1.8766388888888883
Model 2,9.5,1.4,1.3350555555555557
Model 2,10.5,1.4,0.051999999999999956
Model 2,11.0,1.4,2.409416666666664
Model 2,11.5,1.4,2.748555555555552
Model 2,12.0,1.4,3.0557777777777746
Model 2,12.5,1.4,2.832027777777779
Model 2,13.0,1.4,2.3211666666666644
Model 2,13.5,1.4,1.747833333333334
Model 2,14.0,1.4,0.8176111111111112
Model 2,14.5,1.4,0.1938888888888888
Model 2,15.0,1.4,0.3827777777777779
Model 2,8.5,1.5999999999999999,2.821027777777779
Model 2,9.0,1.5999999999999999,3.4758611111111137
Model 2,9.5,1.5999999999999999,3.4766388888888917
Model 2,10.0,1.5999999999999999,3.5756666666666708
Model 2,10.5,1.5999999999999999,3.1144444444444446
Model 2,11.0,1.5999999999999999,2.422694444444443
Model 2,11.5,1.5999999999999999,1.7019722222222207
Model 2,12.0,1.5999999999999999,0.8851388888888877
Model 2,12.5,1.5999999999999999,0.7176388888888896
Model 2,13.5,1.5999999999999999,1.0879722222222221
Model 2,14.0,1.5999999999999999,2.3101944444444436
Model 2,14.5,1.5999999999999999,2.1294444444444416
Model 2,15.0,1.5999999999999999,2.4334166666666674
Model 2,8,1.7999999999999998,3.7954722222222204
Model 2,8.5,1.7999999999999998,3.1866666666666665
Model 2,9.0,1.7999999999999998,2.4951111111111137
Model 2,9.5,1.7999999999999998,1.650833333333333
Model 2,10.0,1.7999999999999998,1.154583333333333
Model 2,11.0,1.7999999999999998,1.1137499999999996
Model 2,11.5,1.7999999999999998,2.91811111111111
Model 2,12.0,1.7999999999999998,2.641944444444442
Model 2,12.5,1.7999999999999998,3.160166666666671
Model 2,13.0,1.7999999999999998,2.5828888888888852
Model 2,13.5,1.7999999999999998,2.1401388888888877
Model 2,14.0,1.7999999999999998,1.4193055555555558
Model 2,14.5,1.7999999999999998,0.44949999999999984
Model 2,15.0,1.7999999999999998,0.05691666666666666
Model 2,8.5,1.9999999999999998,0.975666666666665
Model 2,9.0,1.9999999999999998,3.467388888888888
Model 2,9.5,1.9999999999999998,3.2091111111111106
Model 2,10.0,1.9999999999999998,3.854861111111112
Model 2,10.5,1.9999999999999998,3.278249999999999
Model 2,11.0,1.9999999999999998,2.9158333333333304
Model 2,11.5,1.9999999999999998,2.21486111111111
Model 2,12.0,1.9999999999999998,1.1545555555555551
Model 2,12.5,1.9999999999999998,0.5655555555555555
Model 2,13.5,1.9999999999999998,0.15541666666666656
Model 2,14.0,1.9999999999999998,1.9316666666666658
Model 2,14.5,1.9999999999999998,2.021805555555556
Model 2,15.0,1.9999999999999998,2.5616388888888877
Model 2,8,2.1999999999999997,4.090805555555561
Model 2,8.5,2.1999999999999997,3.610361111111115
Model 2,9.0,2.1999999999999997,2.993749999999998
Model 2,9.5,2.1999999999999997,2.0158888888888904
Model 2,10.0,2.1999999999999997,1.4328055555555554
Model 2,10.5,2.1999999999999997,1.772944444444444
Model 2,11.5,2.1999999999999997,2.420555555555553
Model 2,12.0,2.1999999999999997,2.8799166666666647
Model 2,12.5,2.1999999999999997,3.0844722222222227
Model 2,13.0,2.1999999999999997,2.941527777777778
Model 2,13.5,2.1999999999999997,2.4489999999999994
Model 2,14.0,2.1999999999999997,1.8325000000000018
Model 2,14.5,2.1999999999999997,0.9166666666666666
Model 2,15.0,2.1999999999999997,0.1874444444444445
Model 2,8,2.4,2.148666666666668
Model 2,9.0,2.4,2.6278055555555557
Model 2,9.5,2.4,3.528333333333332
Model 2,10.0,2.4,3.523166666666662
Model 2,10.5,2.4,3.680638888888885
Model 2,11.0,2.4,3.2084444444444404
Model 2,11.5,2.4,2.5088333333333295
Model 2,12.0,2.4,1.8239444444444424
Model 2,12.5,2.4,0.9576388888888888
Model 2,13.0,2.4,0.6150555555555558
Model 2,14.0,2.4,1.002083333333332
Model 2,14.5,2.4,2.3675555555555574
Model 2,15.0,2.4,2.140416666666664
Model 2,8,2.6,4.4136944444444435
Model 2,8.5,2.6,3.8791666666666687
Model 2,9.0,2.6,3.3345833333333332
Model 2,9.5,2.6,2.6111388888888833
Model 2,10.0,2.6,1.7715555555555542
Model 2,10.5,2.6,1.1545555555555562
Model 2,11.5,2.6,1.0105277777777772
Model 2,12.0,2.6,3.0058055555555563
Model 2,12.5,2.6,2.7073055555555525
Model 2,13.0,2.6,3.238749999999999
Model 2,13.5,2.6,2.6651111111111114
Model 2,14.0,2.6,2.243888888888888
Model 2,14.5,2.6,1.5723055555555532
Model 2,15.0,2.6,0.4115000000000001
Model 2,8,2.8000000000000003,1.8602777777777757
Model 2,9.0,2.8000000000000003,0.8157222222222206
Model 2,9.5,2.8000000000000003,3.4405833333333304
Model 2,10.0,2.8000000000000003,3.2741944444444404
Model 2,10.5,2.8000000000000003,3.9063333333333325
Model 2,11.0,2.8000000000000003,3.398333333333333
Model 2,11.5,2.8000000000000003,3.0154999999999994
Model 2,12.0,2.8000000000000003,2.330416666666667
Model 2,12.5,2.8000000000000003,1.2363888888888883
Model 2,13.0,2.8000000000000003,0.6140555555555554
Model 2,14.0,2.8000000000000003,0.0816944444444444
Model 2,14.5,2.8000000000000003,1.9450833333333342
Model 2,15.0,2.8000000000000003,2.135638888888886
Model 3,8,0,0.9034444444444446
Model 3,8.5,0,1.096722222222222
Model 3,9.0,0,0.9264444444444435
Model 3,9.5,0,0.8269166666666664
Model 3,10.0,0,0.6194166666666662
Model 3,10.5,0,0.31455555555555537
Model 3,11.0,0,0.20897222222222242
Model 3,12.0,0,0.05027777777777778
Model 3,12.5,0,0.5427777777777768
Model 3,13.0,0,0.5407500000000013
Model 3,13.5,0,0.7170555555555557
Model 3,14.0,0,0.601944444444445
Model 3,14.5,0,0.4570000000000002
Model 3,15.0,0,0.29052777777777755
Model 3,8,0.2,0.556527777777778
Model 3,8.5,0.2,0.3955000000000003
Model 3,9.0,0.2,0.5148888888888887
Model 3,10.0,0.2,0.7327222222222222
Model 3,10.5,0.2,0.810805555555557
Model 3,11.0,0.2,0.865361111111111
Model 3,11.5,0.2,0.8271666666666673
Model 3,12.0,0.2,0.6880555555555548
Model 3,12.5,0.2,0.4990833333333333
Model 3,13.0,0.2,0.27763888888888905
Model 3,13.5,0.2,0.13624999999999993
Model 3,14.0,0.2,0.1563055555555556
Model 3,15.0,0.2,0.2808055555555555
Model 3,8,0.4,0.995194444444444
Model 3,8.5,0.4,1.010694444444445
Model 3,9.0,0.4,1.0604166666666663
Model 3,9.5,0.4,0.9036666666666667
Model 3,10.0,0.4,0.7000277777777786
Model 3,10.5,0.4,0.5020833333333332
Model 3,11.0,0.4,0.26966666666666667
Model 3,11.5,0.4,0.22491666666666665
Model 3,12.5,0.4,0.28594444444444456
Model 3,13.0,0.4,0.6542222222222219
Model 3,13.5,0.4,0.5846666666666663
Model 3,14.0,0.4,0.6941388888888893
Model 3,14.5,0.4,0.548055555555556
Model 3,15.0,0.4,0.38244444444444425
Model 3,8,0.6000000000000001,0.7288611111111116
Model 3,8.5,0.6000000000000001,0.4958333333333335
Model 3,9.0,0.6000000000000001,0.3309444444444442
Model 3,10.0,0.6000000000000001,0.29827777777777753
Model 3,10.5,0.6000000000000001,0.8631388888888893
Model 3,11.0,0.6000000000000001,0.7730833333333328
Model 3,11.5,0.6000000000000001,0.913027777777777
Model 3,12.0,0.6000000000000001,0.728638888888889
Model 3,12.5,0.6000000000000001,0.615111111111111
Model 3,13.0,0.6000000000000001,0.4156944444444443
Model 3,13.5,0.6000000000000001,0.18574999999999986
Model 3,14.0,0.6000000000000001,0.08161111111111109
Model 3,15.0,0.6000000000000001,0.07527777777777779
Model 3,8,0.8,0.9856111111111115
Model 3,8.5,0.8,0.9193055555555543
Model 3,9.0,0.8,1.1221111111111106
Model 3,9.5,0.8,0.9585833333333329
Model 3,10.0,0.8,0.85913888888889
Model 3,10.5,0.8,0.6458888888888883
Model 3,11.0,0.8,0.347638888888889
Model 3,11.5,0.8,0.2271111111111112
Model 3,12.5,0.8,0.01858333333333334
Model 3,13.0,0.8,0.5420555555555557
Model 3,13.5,0.8,0.6002777777777781
Model 3,14.0,0.8,0.7256666666666658
Model 3,14.5,0.8,0.6249722222222216
Model 3,15.0,0.8,0.4614444444444439
Model 3,8,1.0,0.8893333333333324
Model 3,8.5,1.0,0.596583333333333
Model 3,9.0,1.0,0.4046388888888888
Model 3,9.5,1.0,0.4733611111111105
Model 3,10.5,1.0,0.721416666666667
Model 3,11.0,1.0,0.8362222222222218
Model 3,11.5,1.0,0.8332500000000008
Model 3,12.0,1.0,0.842888888888889
Model 3,12.5,1.0,0.7147222222222219
Model 3,13.0,1.0,0.5020277777777782
Model 3,13.5,1.0,0.30358333333333315
Model 3,14.0,1.0,0.14413888888888896
Model 3,14.5,1.0,0.1577222222222222
Model 3,8,1.2,0.6789722222222225
Model 3,8.5,1.2,1.0617500000000002
Model 3,9.0,1.2,1.0265277777777766
Model 3,9.5,1.2,1.0836944444444434
Model 3,10.0,1.2,0.9264444444444438
Model 3,10.5,1.2,0.7217222222222222
Model 3,11.0,1.2,0.5224722222222217
Model 3,11.5,1.2,0.28158333333333324
Model 3,12.0,1.2,0.20236111111111105
Model 3,13.0,1.2,0.2595277777777778
Model 3,13.5,1.2,0.6651666666666668
Model 3,14.0,1.2,0.5766666666666665
Model 3,14.5,1.2,0.7269166666666675
Model 3,15.0,1.2,0.5566111111111108
Model 3,8,1.4,0.9971944444444447
Model 3,8.5,1.4,0.7709722222222233
Model 3,9.0,1.4,0.5102777777777776
Model 3,9.5,1.4,0.31819444444444434
Model 3,10.5,1.4,0.2618055555555554
Model 3,11.0,1.4,0.8662499999999999
Model 3,11.5,1.4,0.7410833333333335
Model 3,12.0,1.4,0.9450833333333345
Model 3,12.5,1.4,0.7508055555555566
Model 3,13.0,1.4,0.6496111111111111
Model 3,13.5,1.4,0.4216388888888889
Model 3,14.0,1.4,0.1744722222222221
Model 3,14.5,1.4,0.09050000000000007
Model 3,8,1.5999999999999999,0.1484166666666667
Model 3,8.5,1.5999999999999999,0.9585000000000005
Model 3,9.0,1.5999999999999999,0.9469166666666669
Model 3,9.5,1.5999999999999999,1.1462777777777784
Model 3,10.0,1.5999999999999999,1.004333333333334
Model 3,10.5,1.5999999999999999,0.8691111111111105
Model 3,11.0,1.5999999999999999,0.6735277777777783
Model 3,11.5,1.5999999999999999,0.36841666666666634
Model 3,12.0,1.5999999999999999,0.23430555555555546
Model 3,12.5,1.5999999999999999,0.37186111111111114
Model 3,13.5,1.5999999999999999,0.5360277777777782
Model 3,14.0,1.5999999999999999,0.646194444444444
Model 3,14.5,1.5999999999999999,0.7432499999999997
Model 3,15.0,1.5999999999999999,0.6471111111111107
Model 3,8,1.7999999999999998,1.0851388888888884
Model 3,8.5,1.7999999999999998,0.9167777777777789
Model 3,9.0,1.7999999999999998,0.6153888888888888
Model 3,9.5,1.7999999999999998,0.4143888888888891
Model 3,10.0,1.7999999999999998,0.43908333333333355
Model 3,11.0,1.7999999999999998,0.6531666666666666
Model 3,11.5,1.7999999999999998,0.8220277777777776
Model 3,12.0,1.7999999999999998,0.8514166666666674
Model 3,12.5,1.7999999999999998,0.8668888888888897
Model 3,13.0,1.7999999999999998,0.7419166666666669
Model 3,13.5,1.7999999999999998,0.5006666666666663
Model 3,14.0,1.7999999999999998,0.3164722222222221
Model 3,14.5,1.7999999999999998,0.1445555555555555
Model 3,15.0,1.7999999999999998,0.1324166666666667
Model 3,8.5,1.9999999999999998,0.6275
Model 3,9.0,1.9999999999999998,1.0741111111111104
Model 3,9.5,1.9999999999999998,1.01861111111111
Model 3,10.0,1.9999999999999998,1.0976944444444439
Model 3,10.5,1.9999999999999998,0.948361111111112
Model 3,11.0,1.9999999999999998,0.7593055555555549
Model 3,11.5,1.9999999999999998,0.5306388888888885
Model 3,12.0,1.9999999999999998,0.3012777777777778
Model 3,12.5,1.9999999999999998,0.18399999999999997
Model 3,13.5,1.9999999999999998,0.2242222222222222
Model 3,14.0,1.9999999999999998,0.7021111111111111
Model 3,14.5,1.9999999999999998,0.5856944444444451
Model 3,15.0,1.9999999999999998,0.7289722222222222
Model 3,8,2.1999999999999997,1.1601388888888886
Model 3,8.5,2.1999999999999997,1.022000000000001
Model 3,9.0,2.1999999999999997,0.8188333333333325
Model 3,9.5,2.1999999999999997,0.4979722222222225
Model 3,10.0,2.1999999999999997,0.30105555555555563
Model 3,11.0,2.1999999999999997,0.2231944444444444
Model 3,11.5,2.1999999999999997,0.8406388888888883
Model 3,12.0,2.1999999999999997,0.7431111111111111
Model 3,12.5,2.1999999999999997,0.9462777777777784
Model 3,13.0,2.1999999999999997,0.7687222222222224
Model 3,13.5,2.1999999999999997,0.6617500000000005
Model 3,14.0,2.1999999999999997,0.4351944444444451
Model 3,14.5,2.1999999999999997,0.17199999999999988
Model 3,15.0,2.1999999999999997,0.09377777777777782
Model 3,8.5,2.4,0.09697222222222218
Model 3,9.0,2.4,0.9553333333333328
Model 3,9.5,2.4,0.9517777777777775
Model 3,10.0,2.4,1.1528611111111111
Model 3,10.5,2.4,1.0370833333333334
Model 3,11.0,2.4,0.8767777777777779
Model 3,11.5,2.4,0.6861111111111113
Model 3,12.0,2.4,0.3746666666666665
Model 3,12.5,2.4,0.21822222222222218
Model 3,13.0,2.4,0.34836111111111107
Model 3,14.0,2.4,0.5516388888888889
Model 3,14.5,2.4,0.6474166666666662
Model 3,15.0,2.4,0.7041111111111108
Model 3,8,2.6,1.2680555555555544
Model 3,8.5,2.6,1.125694444444444
Model 3,9.0,2.6,0.9229444444444437
Model 3,9.5,2.6,0.6388055555555554
Model 3,10.0,2.6,0.4092777777777778
Model 3,10.5,2.6,0.4227222222222222
Model 3,11.5,2.6,0.5974444444444444
Model 3,12.0,2.6,0.8309166666666669
Model 3,12.5,2.6,0.8498055555555558
Model 3,13.0,2.6,0.8976944444444446
Model 3,13.5,2.6,0.7281944444444449
Model 3,14.0,2.6,0.5041111111111112
Model 3,14.5,2.6,0.31975000000000003
Model 3,15.0,2.6,0.12641666666666665
Model 3,8,2.8000000000000003,0.5558333333333333
Model 3,9.0,2.8000000000000003,0.5465555555555556
Model 3,9.5,2.8000000000000003,1.066277777777778
Model 3,10.0,2.8000000000000003,1.0023888888888886
Model 3,10.5,2.8000000000000003,1.1192222222222228
Model 3,11.0,2.8000000000000003,0.9690833333333336
Model 3,11.5,2.8000000000000003,0.776416666666667
Model 3,12.0,2.8000000000000003,0.5398055555555559
Model 3,12.5,2.8000000000000003,0.30305555555555563
Model 3,13.0,2.8000000000000003,0.1616944444444444
Model 3,14.0,2.8000000000000003,0.20502777777777775
Model 3,14.5,2.8000000000000003,0.6841944444444442
Model 3,15.0,2.8000000000000003,0.5820833333333332
Model 4,8,0,0.9787222222222217
Model 4,8.5,0,1.0991944444444444
Model 4,9.0,0,0.9473055555555551
Model 4,9.5,0,0.7858611111111115
Model 4,10.0,0,0.5544166666666664
Model 4,10.5,0,0.3325
Model 4,11.0,0,0.1897222222222222
Model 4,12.0,0,0.2084722222222221
Model 4,12.5,0,0.6818888888888888
Model 4,13.0,0,0.5947777777777772
Model 4,13.5,0,0.7437777777777774
Model 4,14.0,0,0.5479444444444445
Model 4,14.5,0,0.4401944444444448
Model 4,15.0,0,0.25730555555555557
Model 4,8,0.2,0.515444444444445
Model 4,8.5,0.2,0.3423055555555556
Model 4,9.5,0.2,0.16002777777777774
Model 4,10.0,0.2,0.8057222222222223
Model 4,10.5,0.2,0.7422499999999989
Model 4,11.0,0.2,0.9474722222222227
Model 4,11.5,0.2,0.7845833333333334
Model 4,12.0,0.2,0.6786388888888891
Model 4,12.5,0.2,0.46611111111111075
Model 4,13.0,0.2,0.21761111111111098
Model 4,13.5,0.2,0.12594444444444441
Model 4,14.5,0.2,0.007805555555555559
Model 4,15.0,0.2,0.3905000000000001
Model 4,8,0.4,1.0082222222222224
Model 4,8.5,0.4,1.1300555555555556
Model 4,9.0,0.4,1.0261666666666662
Model 4,9.5,0.4,0.8635277777777774
Model 4,10.0,0.4,0.7136944444444453
Model 4,10.5,0.4,0.4277777777777779
Model 4,11.0,0.4,0.2498611111111111
Model 4,11.5,0.4,0.31719444444444456
Model 4,12.5,0.4,0.5298055555555558
Model 4,13.0,0.4,0.6588611111111101
Model 4,13.5,0.4,0.6532777777777776
Model 4,14.0,0.4,0.6649444444444449
Model 4,14.5,0.4,0.5413888888888893
Model 4,15.0,0.4,0.328861111111111
Model 4,8,0.6000000000000001,0.6856944444444439
Model 4,8.5,0.6000000000000001,0.45947222222222195
Model 4,9.0,0.6000000000000001,0.45425000000000026
Model 4,10.0,0.6000000000000001,0.5353611111111111
Model 4,10.5,0.6000000000000001,0.8918333333333328
Model 4,11.0,0.6000000000000001,0.8475833333333335
Model 4,11.5,0.6000000000000001,0.9079722222222223
Model 4,12.0,0.6000000000000001,0.7477777777777777
Model 4,12.5,0.6000000000000001,0.5443055555555553
Model 4,13.0,0.6000000000000001,0.36105555555555546
Model 4,13.5,0.6000000000000001,0.1687222222222222
Model 4,14.0,0.6000000000000001,0.10541666666666669
Model 4,15.0,0.6000000000000001,0.1659722222222223
Model 4,8,0.8,1.0698611111111103
Model 4,8.5,0.8,0.98586111111111
Model 4,9.0,0.8,1.1380555555555554
Model 4,9.5,0.8,0.964833333333334
Model 4,10.0,0.8,0.8216111111111107
Model 4,10.5,0.8,0.6034722222222211
Model 4,11.0,0.8,0.3502222222222222
Model 4,11.5,0.8,0.18305555555555564
Model 4,12.5,0.8,0.1881111111111113
Model 4,13.0,0.8,0.6856388888888881
Model 4,13.5,0.8,0.5605833333333334
Model 4,14.0,0.8,0.7739166666666674
Model 4,14.5,0.8,0.5753888888888883
Model 4,15.0,0.8,0.4744444444444444
Model 4,8,1.0,0.8435277777777779
Model 4,8.5,1.0,0.5142777777777775
Model 4,9.0,1.0,0.3734444444444443
Model 4,10.0,1.0,0.11074999999999995
Model 4,10.5,1.0,0.7860833333333334
Model 4,11.0,1.0,0.7725833333333347
Model 4,11.5,1.0,0.9688333333333325
Model 4,12.0,1.0,0.8329722222222209
Model 4,12.5,1.0,0.6885277777777767
Model 4,13.0,1.0,0.4935000000000002
Model 4,13.5,1.0,0.23513888888888868
Model 4,14.0,1.0,0.12969444444444447
Model 4,14.5,1.0,0.24402777777777768
Model 4,8,1.2,0.9523333333333337
Model 4,8.5,1.2,1.0589999999999982
Model 4,9.0,1.2,1.159527777777777
Model 4,9.5,1.2,1.0666944444444448
Model 4,10.0,1.2,0.9160833333333325
Model 4,10.5,1.2,0.737583333333333
Model 4,11.0,1.2,0.44925000000000026
Model 4,11.5,1.2,0.2655277777777778
Model 4,12.0,1.2,0.29022222222222244
Model 4,13.0,1.2,0.4808888888888886
Model 4,13.5,1.2,0.6470833333333333
Model 4,14.0,1.2,0.6802222222222216
Model 4,14.5,1.2,0.6998611111111109
Model 4,15.0,1.2,0.5661111111111112
Model 4,8,1.4,0.9315833333333332
Model 4,8.5,1.4,0.7186111111111119
Model 4,9.0,1.4,0.4682222222222227
Model 4,9.5,1.4,0.42633333333333334
Model 4,10.5,1.4,0.49394444444444446
Model 4,11.0,1.4,0.8977777777777776
Model 4,11.5,1.4,0.839333333333333
Model 4,12.0,1.4,0.9239166666666678
Model 4,12.5,1.4,0.7715000000000007
Model 4,13.0,1.4,0.5819444444444442
Model 4,13.5,1.4,0.37274999999999997
Model 4,14.0,1.4,0.18344444444444452
Model 4,14.5,1.4,0.09758333333333334
Model 4,8,1.5999999999999999,0.4419444444444447
Model 4,8.5,1.5999999999999999,1.123972222222222
Model 4,9.0,1.5999999999999999,1.0179999999999998
Model 4,9.5,1.5999999999999999,1.1548055555555552
Model 4,10.0,1.5999999999999999,0.9877222222222221
Model 4,10.5,1.5999999999999999,0.8463888888888885
Model 4,11.0,1.5999999999999999,0.6449722222222222
Model 4,11.5,1.5999999999999999,0.341361111111111
Model 4,12.0,1.5999999999999999,0.1771944444444444
Model 4,13.0,1.5999999999999999,0.15855555555555562
Model 4,13.5,1.5999999999999999,0.670111111111111
Model 4,14.0,1.5999999999999999,0.575416666666666
Model 4,14.5,1.5999999999999999,0.7766388888888884
Model 4,15.0,1.5999999999999999,0.5959999999999994
Model 4,8,1.7999999999999998,1.097972222222221
Model 4,8.5,1.7999999999999998,0.8832500000000005
Model 4,9.0,1.7999999999999998,0.5263333333333332
Model 4,9.5,1.7999999999999998,0.3908611111111111
Model 4,10.5,1.7999999999999998,0.07113888888888885
Model 4,11.0,1.7999999999999998,0.7803055555555561
Model 4,11.5,1.7999999999999998,0.7906388888888883
Model 4,12.0,1.7999999999999998,0.9733611111111105
Model 4,12.5,1.7999999999999998,0.8583333333333327
Model 4,13.0,1.7999999999999998,0.6915277777777785
Model 4,13.5,1.7999999999999998,0.5070277777777775
Model 4,14.0,1.7999999999999998,0.24577777777777776
Model 4,14.5,1.7999999999999998,0.12161111111111111
Model 4,15.0,1.7999999999999998,0.22483333333333352
Model 4,8.5,1.9999999999999998,0.9897499999999994
Model 4,9.0,1.9999999999999998,1.0789444444444436
Model 4,9.5,1.9999999999999998,1.1285555555555546
Model 4,10.0,1.9999999999999998,1.0988333333333329
Model 4,10.5,1.9999999999999998,0.9541388888888891
Model 4,11.0,1.9999999999999998,0.7496388888888883
Model 4,11.5,1.9999999999999998,0.4728888888888892
Model 4,12.0,1.9999999999999998,0.2686666666666667
Model 4,12.5,1.9999999999999998,0.2867222222222222
Model 4,13.5,1.9999999999999998,0.4392222222222222
Model 4,14.0,1.9999999999999998,0.6736111111111106
Model 4,14.5,1.9999999999999998,0.6699722222222226
Model 4,15.0,1.9999999999999998,0.7311111111111113
Model 4,8,2.1999999999999997,1.1740555555555552
Model 4,8.5,2.1999999999999997,0.9629999999999992
Model 4,9.0,2.1999999999999997,0.7390000000000005
Model 4,9.5,2.1999999999999997,0.4578333333333335
Model 4,10.0,2.1999999999999997,0.38447222222222227
Model 4,11.0,2.1999999999999997,0.4267500000000001
Model 4,11.5,2.1999999999999997,0.9005555555555559
Model 4,12.0,2.1999999999999997,0.8234444444444442
Model 4,12.5,2.1999999999999997,0.9443611111111095
Model 4,13.0,2.1999999999999997,0.7906944444444446
Model 4,13.5,2.1999999999999997,0.6099444444444444
Model 4,14.0,2.1999999999999997,0.38397222222222227
Model 4,14.5,2.1999999999999997,0.1896111111111112
Model 4,15.0,2.1999999999999997,0.08183333333333334
Model 4,8.5,2.4,0.3986388888888889
Model 4,9.0,2.4,1.1183611111111105
Model 4,9.5,2.4,1.0298055555555556
Model 4,10.0,2.4,1.1881666666666657
Model 4,10.5,2.4,0.991861111111111
Model 4,11.0,2.4,0.8678055555555547
Model 4,11.5,2.4,0.643611111111111
Model 4,12.0,2.4,0.32836111111111094
Model 4,12.5,2.4,0.17438888888888898
Model 4,13.5,2.4,0.11658333333333333
Model 4,14.0,2.4,0.6346666666666668
Model 4,14.5,2.4,0.5630555555555554
Model 4,15.0,2.4,0.7847222222222227
Model 4,8,2.6,1.2328611111111096
Model 4,8.5,2.6,1.1260277777777772
Model 4,9.0,2.6,0.8914722222222229
Model 4,9.5,2.6,0.5454444444444452
Model 4,10.0,2.6,0.39591666666666686
Model 4,11.0,2.6,0.02094444444444443
Model 4,11.5,2.6,0.7701666666666672
Model 4,12.0,2.6,0.8413333333333334
Model 4,12.5,2.6,0.9716666666666668
Model 4,13.0,2.6,0.8602777777777778
Model 4,13.5,2.6,0.6792500000000001
Model 4,14.0,2.6,0.5139166666666668
Model 4,14.5,2.6,0.2554444444444444
Model 4,15.0,2.6,0.11238888888888891
Model 4,8,2.8000000000000003,0.6750555555555551
Model 4,9.0,2.8000000000000003,0.9441111111111107
Model 4,9.5,2.8000000000000003,1.085916666666667
Model 4,10.0,2.8000000000000003,1.086083333333333
Model 4,10.5,2.8000000000000003,1.1031666666666669
Model 4,11.0,2.8000000000000003,0.9713888888888894
Model 4,11.5,2.8000000000000003,0.7287777777777777
Model 4,12.0,2.8000000000000003,0.48777777777777753
Model 4,12.5,2.8000000000000003,0.2646388888888888
Model 4,13.0,2.8000000000000003,0.27238888888888896
Model 4,14.0,2.8000000000000003,0.37669444444444444
Model 4,14.5,2.8000000000000003,0.7184166666666667
Model 4,15.0,2.8000000000000003,0.6570277777777774
