Model 1,8,0,1.1405277777777774
Model 1,8.5,0,0.9742222222222237
Model 1,9.0,0,0.8351388888888887
Model 1,9.5,0,0.6478333333333332
Model 1,10.0,0,0.3591666666666667
Model 1,10.5,0,0.19877777777777772
Model 1,11.5,0,0.15811111111111112
Model 1,12.0,0,0.6718055555555549
Model 1,12.5,0,0.5816944444444453
Model 1,13.0,0,0.771166666666667
Model 1,13.5,0,0.6027777777777776
Model 1,14.0,0,0.5095000000000006
Model 1,14.5,0,0.306888888888889
Model 1,15.0,0,0.11083333333333334
Model 1,8,0.2,0.4158888888888886
Model 1,9.0,0.2,0.0620833333333333
Model 1,9.5,0.2,0.7798611111111118
Model 1,10.0,0.2,0.7971944444444448
Model 1,10.5,0.2,0.9590555555555553
Model 1,11.0,0.2,0.8482777777777769
Model 1,11.5,0.2,0.6931944444444437
Model 1,12.0,0.2,0.5287499999999998
Model 1,12.5,0.2,0.27022222222222203
Model 1,13.0,0.2,0.14247222222222222
Model 1,13.5,0.2,0.24124999999999988
Model 1,14.5,0.2,0.4185555555555557
Model 1,15.0,0.2,0.5066666666666667
Model 1,8,0.4,1.1083611111111105
Model 1,8.5,0.4,1.0837222222222225
Model 1,9.0,0.4,0.9430555555555555
Model 1,9.5,0.4,0.7503055555555551
Model 1,10.0,0.4,0.49916666666666704
Model 1,10.5,0.4,0.29547222222222197
Model 1,11.0,0.4,0.3150000000000001
Model 1,12.0,0.4,0.45613888888888854
Model 1,12.5,0.4,0.6918888888888889
Model 1,13.0,0.4,0.681722222222222
Model 1,13.5,0.4,0.7441111111111118
Model 1,14.0,0.4,0.5770277777777777
Model 1,14.5,0.4,0.37291666666666634
Model 1,15.0,0.4,0.23116666666666674
Model 1,8,0.6000000000000001,0.49316666666666714
Model 1,8.5,0.6000000000000001,0.4179444444444444
Model 1,9.5,0.6000000000000001,0.42861111111111105
Model 1,10.0,0.6000000000000001,0.9005833333333335
Model 1,10.5,0.6000000000000001,0.8252500000000004
Model 1,11.0,0.6000000000000001,0.9428611111111111
Model 1,11.5,0.6000000000000001,0.7914166666666671
Model 1,12.0,0.6000000000000001,0.6356666666666668
Model 1,12.5,0.6000000000000001,0.4172222222222223
Model 1,13.0,0.6000000000000001,0.21977777777777782
Model 1,13.5,0.6000000000000001,0.10455555555555551
Model 1,14.5,0.6000000000000001,0.14680555555555558
Model 1,15.0,0.6000000000000001,0.5430555555555553
Model 1,8,0.8,1.021305555555556
Model 1,8.5,0.8,1.1773888888888897
Model 1,9.0,0.8,0.9808333333333321
Model 1,9.5,0.8,0.8747499999999997
Model 1,10.0,0.8,0.668777777777778
Model 1,10.5,0.8,0.36880555555555533
Model 1,11.0,0.8,0.2156944444444446
Model 1,12.0,0.8,0.12108333333333336
Model 1,12.5,0.8,0.6497500000000006
Model 1,13.0,0.8,0.5977499999999994
Model 1,13.5,0.8,0.7994444444444448
Model 1,14.0,0.8,0.6416388888888888
Model 1,14.5,0.8,0.5265277777777775
Model 1,15.0,0.8,0.3185555555555559
Model 1,8,1.0,0.5845833333333336
Model 1,8.5,1.0,0.44569444444444484
Model 1,9.5,1.0,0.010333333333333333
Model 1,10.0,1.0,0.7878333333333325
Model 1,10.5,1.0,0.8578888888888891
Model 1,11.0,1.0,0.9731111111111108
Model 1,11.5,1.0,0.8706388888888882
Model 1,12.0,1.0,0.7120277777777779
Model 1,12.5,1.0,0.5586388888888886
Model 1,13.0,1.0,0.29430555555555526
Model 1,13.5,1.0,0.1472222222222222
Model 1,14.0,1.0,0.20713888888888898
Model 1,15.0,1.0,0.3890555555555552
Model 1,8,1.2,1.084361111111111
Model 1,8.5,1.2,1.084805555555555
Model 1,9.0,1.2,1.094027777777777
Model 1,9.5,1.2,0.9774722222222234
Model 1,10.0,1.2,0.7574722222222214
Model 1,10.5,1.2,0.5337499999999997
Model 1,11.0,1.2,0.31825000000000014
Model 1,11.5,1.2,0.3066666666666669
Model 1,12.5,1.2,0.4067500000000001
Model 1,13.0,1.2,0.7431944444444432
Model 1,13.5,1.2,0.6897222222222217
Model 1,14.0,1.2,0.7536111111111111
Model 1,14.5,1.2,0.5939166666666658
Model 1,15.0,1.2,0.38399999999999984
Model 1,8,1.4,0.7695555555555553
Model 1,8.5,1.4,0.5120833333333338
Model 1,9.0,1.4,0.3890277777777775
Model 1,10.0,1.4,0.3855000000000001
Model 1,10.5,1.4,0.9148611111111113
Model 1,11.0,1.4,0.8308611111111112
Model 1,11.5,1.4,0.9815833333333329
Model 1,12.0,1.4,0.8103333333333322
Model 1,12.5,1.4,0.6646944444444446
Model 1,13.0,1.4,0.4465555555555557
Model 1,13.5,1.4,0.22433333333333325
Model 1,14.0,1.4,0.09288888888888892
Model 1,15.0,1.4,0.13383333333333336
Model 1,8,1.5999999999999999,1.1095555555555552
Model 1,8.5,1.5999999999999999,0.9867499999999997
Model 1,9.0,1.5999999999999999,1.2075555555555548
Model 1,9.5,1.5999999999999999,1.0113333333333325
Model 1,10.0,1.5999999999999999,0.9157499999999994
Model 1,10.5,1.5999999999999999,0.6853333333333338
Model 1,11.0,1.5999999999999999,0.3565277777777779
Model 1,11.5,1.5999999999999999,0.23755555555555577
Model 1,12.5,1.5999999999999999,0.0793611111111111
Model 1,13.0,1.5999999999999999,0.6236388888888887
Model 1,13.5,1.5999999999999999,0.6126944444444445
Model 1,14.0,1.5999999999999999,0.8077777777777781
Model 1,14.5,1.5999999999999999,0.6741666666666667
Model 1,15.0,1.5999999999999999,0.5203888888888889
Model 1,8,1.7999999999999998,0.9360833333333332
Model 1,8.5,1.7999999999999998,0.6053888888888889
Model 1,9.0,1.7999999999999998,0.4558611111111109
Model 1,9.5,1.7999999999999998,0.5966944444444442
Model 1,10.5,1.7999999999999998,0.789444444444444
Model 1,11.0,1.7999999999999998,0.9000277777777775
Model 1,11.5,1.7999999999999998,1.0027499999999998
Model 1,12.0,1.7999999999999998,0.909694444444445
Model 1,12.5,1.7999999999999998,0.7561666666666671
Model 1,13.0,1.7999999999999998,0.5645555555555558
Model 1,13.5,1.7999999999999998,0.30011111111111105
Model 1,14.0,1.7999999999999998,0.15574999999999997
Model 1,14.5,1.7999999999999998,0.1800833333333332
Model 1,8,1.9999999999999998,0.8734999999999996
Model 1,8.5,1.9999999999999998,1.071861111111112
Model 1,9.0,1.9999999999999998,1.120138888888889
Model 1,9.5,1.9999999999999998,1.142861111111111
Model 1,10.0,1.9999999999999998,1.0064722222222222
Model 1,10.5,1.9999999999999998,0.773611111111112
Model 1,11.0,1.9999999999999998,0.5514166666666661
Model 1,11.5,1.9999999999999998,0.30491666666666667
Model 1,12.0,1.9999999999999998,0.2701666666666669
Model 1,13.0,1.9999999999999998,0.36336111111111113
Model 1,13.5,1.9999999999999998,0.7338333333333339
Model 1,14.0,1.9999999999999998,0.6707777777777778
Model 1,14.5,1.9999999999999998,0.759166666666666
Model 1,15.0,1.9999999999999998,0.596888888888889
Model 1,8,2.1999999999999997,1.0259444444444452
Model 1,8.5,2.1999999999999997,0.7897500000000006
Model 1,9.0,2.1999999999999997,0.5354444444444444
Model 1,9.5,2.1999999999999997,0.3709444444444449
Model 1,10.5,2.1999999999999997,0.34869444444444436
Model 1,11.0,2.1999999999999997,0.9619444444444442
Model 1,11.5,2.1999999999999997,0.8503888888888886
Model 1,12.0,2.1999999999999997,0.9950277777777783
Model 1,12.5,2.1999999999999997,0.8220277777777781
Model 1,13.0,2.1999999999999997,0.6671944444444446
Model 1,13.5,2.1999999999999997,0.4651388888888892
Model 1,14.0,2.1999999999999997,0.20622222222222228
Model 1,14.5,2.1999999999999997,0.08172222222222224
Model 1,8,2.4,0.28627777777777763
Model 1,8.5,2.4,1.0993055555555555
Model 1,9.0,2.4,1.0099166666666657
Model 1,9.5,2.4,1.2155833333333341
Model 1,10.0,2.4,1.0469166666666665
Model 1,10.5,2.4,0.938111111111111
Model 1,11.0,2.4,0.7044166666666658
Model 1,11.5,2.4,0.3652222222222224
Model 1,12.0,2.4,0.23850000000000007
Model 1,13.0,2.4,0.04938888888888887
Model 1,13.5,2.4,0.6026944444444443
Model 1,14.0,2.4,0.6185277777777772
Model 1,14.5,2.4,0.7993611111111112
Model 1,15.0,2.4,0.6794444444444447
Model 1,8,2.6,1.1371666666666678
Model 1,8.5,2.6,0.9602222222222206
Model 1,9.0,2.6,0.6248333333333331
Model 1,9.5,2.6,0.43433333333333307
Model 1,10.0,2.6,0.5608611111111113
Model 1,11.0,2.6,0.8103611111111113
Model 1,11.5,2.6,0.9070833333333335
Model 1,12.0,2.6,0.9537222222222226
Model 1,12.5,2.6,0.926027777777777
Model 1,13.0,2.6,0.7714444444444435
Model 1,13.5,2.6,0.5549722222222229
Model 1,14.0,2.6,0.30575000000000013
Model 1,14.5,2.6,0.14752777777777779
Model 1,15.0,2.6,0.16747222222222224
Model 1,8.5,2.8000000000000003,0.8058333333333331
Model 1,9.0,2.8000000000000003,1.1114999999999995
Model 1,9.5,2.8000000000000003,1.1142222222222216
Model 1,10.0,2.8000000000000003,1.1810833333333324
Model 1,10.5,2.8000000000000003,1.0091111111111106
Model 1,11.0,2.8000000000000003,0.7768611111111118
Model 1,11.5,2.8000000000000003,0.5579999999999999
Model 1,12.0,2.8000000000000003,0.29075000000000006
Model 1,12.5,2.8000000000000003,0.23133333333333345
Model 1,13.5,2.8000000000000003,0.3002499999999999
Model 1,14.0,2.8000000000000003,0.7246388888888882
Model 1,14.5,2.8000000000000003,0.6367499999999998
Model 1,15.0,2.8000000000000003,0.765916666666667
Model 2,8,0,3.4274999999999953
Model 2,8.5,0,3.553499999999995
Model 2,9.0,0,3.0947777777777747
Model 2,9.5,0,2.3966944444444427
Model 2,10.0,0,1.692055555555554
Model 2,10.5,0,0.8956666666666668
Model 2,11.0,0,0.720777777777778
Model 2,12.0,0,1.029833333333332
Model 2,12.5,0,2.2868611111111115
Model 2,13.0,0,2.0907499999999968
Model 2,13.5,0,2.4088888888888853
Model 2,14.0,0,1.869972222222221
Model 2,14.5,0,1.2818611111111111
Model 2,15.0,0,0.6301111111111107
Model 2,8,0.2,1.6421111111111082
Model 2,8.5,0.2,1.1209166666666674
Model 2,9.5,0.2,1.0517777777777773
Model 2,10.0,0.2,2.893555555555555
Model 2,10.5,0.2,2.6081666666666625
Model 2,11.0,0.2,3.139972222222222
Model 2,11.5,0.2,2.5624999999999996
Model 2,12.0,0.2,2.1245277777777765
Model 2,12.5,0.2,1.431111111111109
Model 2,13.0,0.2,0.5021944444444447
Model 2,13.5,0.2,0.09902777777777778
Model 2,14.5,0.2,0.22169444444444425
Model 2,15.0,0.2,1.5037777777777785
Model 2,8,0.4,3.1644999999999968
Model 2,8.5,0.4,3.825888888888892
Model 2,9.0,0.4,3.264861111111108
Model 2,9.5,0.4,2.899694444444443
Model 2,10.0,0.4,2.2012222222222237
Model 2,10.5,0.4,1.1536388888888887
Model 2,11.0,0.4,0.6498055555555549
Model 2,12.0,0.4,0.1298055555555555
Model 2,12.5,0.4,1.8877777777777782
Model 2,13.0,0.4,2.012027777777775
Model 2,13.5,0.4,2.520499999999997
Model 2,14.0,0.4,2.176611111111109
Model 2,14.5,0.4,1.6824722222222206
Model 2,15.0,0.4,1.0781111111111108
Model 2,8,0.6000000000000001,2.0114444444444435
Model 2,8.5,0.6000000000000001,1.414083333333332
Model 2,9.0,0.6000000000000001,1.7302500000000012
Model 2,10.0,0.6000000000000001,2.381277777777775
Model 2,10.5,0.6000000000000001,2.861694444444447
Model 2,11.0,0.6000000000000001,3.0394722222222232
Model 2,11.5,0.6000000000000001,2.9291666666666667
Model 2,12.0,0.6000000000000001,2.4449444444444457
Model 2,12.5,0.6000000000000001,1.805944444444442
Model 2,13.0,0.6000000000000001,0.9703888888888879
Model 2,13.5,0.6000000000000001,0.2900555555555555
Model 2,14.0,0.6000000000000001,0.3586944444444442
Model 2,15.0,0.6000000000000001,0.802083333333333
Model 2,8,0.8,3.5011111111111095
Model 2,8.5,0.8,3.495166666666665
Model 2,9.0,0.8,3.6789444444444435
Model 2,9.5,0.8,3.177361111111107
Model 2,10.0,0.8,2.4992222222222193
Model 2,10.5,0.8,1.8138055555555574
Model 2,11.0,0.8,0.9899999999999988
Model 2,11.5,0.8,0.6806944444444445
Model 2,12.5,0.8,0.9551666666666664
Model 2,13.0,0.8,2.3239999999999967
Model 2,13.5,0.8,2.1007222222222244
Model 2,14.0,0.8,2.494277777777777
Model 2,14.5,0.8,1.9565833333333322
Model 2,15.0,0.8,1.4273055555555563
Model 2,8,1.0,2.606138888888886
Model 2,8.5,1.0,1.7592222222222211
Model 2,9.0,1.0,1.1728333333333318
Model 2,10.0,1.0,0.9644444444444432
Model 2,10.5,1.0,2.9737222222222184
Model 2,11.0,1.0,2.6791944444444447
Model 2,11.5,1.0,3.212888888888888
Model 2,12.0,1.0,2.639277777777773
Model 2,12.5,1.0,2.2242777777777754
Model 2,13.0,1.0,1.5620833333333335
Model 2,13.5,1.0,0.5352222222222225
Model 2,14.0,1.0,0.12169444444444444
Model 2,15.0,1.0,0.16733333333333325
Model 2,8,1.2,3.3887499999999964
Model 2,8.5,1.2,3.2636944444444422
Model 2,9.0,1.2,3.874361111111112
Model 2,9.5,1.2,3.3834444444444483
Model 2,10.0,1.2,2.995666666666665
Model 2,10.5,1.2,2.319444444444443
Model 2,11.0,1.2,1.283166666666666
Model 2,11.5,1.2,0.7431666666666662
Model 2,12.5,1.2,0.06952777777777773
Model 2,13.0,1.2,1.9034444444444438
Model 2,13.5,1.2,2.140194444444443
Model 2,14.0,1.2,2.5468888888888888
Model 2,14.5,1.2,2.2760277777777764
Model 2,15.0,1.2,1.7633888888888873
Model 2,8,1.4,3.0871111111111076
Model 2,8.5,1.4,2.1551944444444415
Model 2,9.0,1.4,1.4893333333333338
Model 2,9.5,1.4,1.6951111111111115
Model 2,10.5,1.4,2.3871666666666655
Model 2,11.0,1.4,2.9348333333333327
Model 2,11.5,1.4,2.9931944444444425
Model 2,12.0,1.4,3.0250277777777717
Model 2,12.5,1.4,2.5544166666666643
Model 2,13.0,1.4,1.8817777777777753
Model 2,13.5,1.4,1.0980833333333324
Model 2,14.0,1.4,0.31041666666666684
Model 2,14.5,1.4,0.35877777777777775
Model 2,8,1.5999999999999999,2.353694444444441
Model 2,8.5,1.5999999999999999,3.6278055555555553
Model 2,9.0,1.5999999999999999,3.519833333333333
Model 2,9.5,1.5999999999999999,3.790944444444444
Model 2,10.0,1.5999999999999999,3.2475000000000005
Model 2,10.5,1.5999999999999999,2.616027777777776
Model 2,11.0,1.5999999999999999,1.9291111111111061
Model 2,11.5,1.5999999999999999,1.0726944444444437
Model 2,12.0,1.5999999999999999,0.6160833333333331
Model 2,13.0,1.5999999999999999,0.8632499999999994
Model 2,13.5,1.5999999999999999,2.3819722222222213
Model 2,14.0,1.5999999999999999,2.1183611111111103
Model 2,14.5,1.5999999999999999,2.5947777777777743
Model 2,15.0,1.5999999999999999,2.0458888888888898
Model 2,8,1.7999999999999998,3.4715277777777747
Model 2,8.5,1.7999999999999998,2.7414722222222268
Model 2,9.0,1.7999999999999998,1.857805555555552
Model 2,9.5,1.7999999999999998,1.231944444444443
Model 2,10.5,1.7999999999999998,0.8665277777777766
Model 2,11.0,1.7999999999999998,2.9714722222222236
Model 2,11.5,1.7999999999999998,2.7201111111111085
Model 2,12.0,1.7999999999999998,3.307055555555555
Model 2,12.5,1.7999999999999998,2.709583333333333
Model 2,13.0,1.7999999999999998,2.342722222222217
Model 2,13.5,1.7999999999999998,1.653138888888889
Model 2,14.0,1.7999999999999998,0.5598055555555554
Model 2,14.5,1.7999999999999998,0.14297222222222233
Model 2,8,1.9999999999999998,0.548194444444443
Model 2,8.5,1.9999999999999998,3.3622777777777735
Model 2,9.0,1.9999999999999998,3.3530000000000024
Model 2,9.5,1.9999999999999998,3.9382499999999987
Model 2,10.0,1.9999999999999998,3.5058055555555505
Model 2,10.5,1.9999999999999998,3.0749722222222178
Model 2,11.0,1.9999999999999998,2.422888888888885
Model 2,11.5,1.9999999999999998,1.4229999999999998
Model 2,12.0,1.9999999999999998,0.8138888888888887
Model 2,13.0,1.9999999999999998,0.01422222222222222
Model 2,13.5,1.9999999999999998,1.922555555555555
Model 2,14.0,1.9999999999999998,2.299694444444444
Model 2,14.5,1.9999999999999998,2.5727777777777785
Model 2,15.0,1.9999999999999998,2.369861111111108
Model 2,8,2.1999999999999997,3.763777777777773
Model 2,8.5,2.1999999999999997,3.1869722222222214
Model 2,9.0,2.1999999999999997,2.298472222222223
Model 2,9.5,2.1999999999999997,1.581055555555551
Model 2,10.0,2.1999999999999997,1.6439722222222215
Model 2,11.0,2.1999999999999997,2.275444444444443
Model 2,11.5,2.1999999999999997,3.000388888888886
Model 2,12.0,2.1999999999999997,2.9834444444444395
Model 2,12.5,2.1999999999999997,3.1077500000000002
Model 2,13.0,2.1999999999999997,2.64808333333333
Model 2,13.5,2.1999999999999997,1.9499722222222198
Model 2,14.0,2.1999999999999997,1.2066666666666668
Model 2,14.5,2.1999999999999997,0.3137500000000001
Model 2,15.0,2.1999999999999997,0.31213888888888897
Model 2,8.5,2.4,2.1665833333333326
Model 2,9.0,2.4,3.7461388888888942
Model 2,9.5,2.4,3.5523611111111077
Model 2,10.0,2.4,3.867527777777777
Model 2,10.5,2.4,3.3282777777777794
Model 2,11.0,2.4,2.736444444444441
Model 2,11.5,2.4,2.036749999999997
Model 2,12.0,2.4,1.1696388888888887
Model 2,12.5,2.4,0.5256944444444446
Model 2,13.5,2.4,0.789888888888888
Model 2,14.0,2.4,2.447944444444442
Model 2,14.5,2.4,2.163555555555556
Model 2,15.0,2.4,2.6951388888888874
Model 2,8,2.6,4.021972222222224
Model 2,8.5,2.6,3.5835277777777774
Model 2,9.0,2.6,2.8872222222222157
Model 2,9.5,2.6,1.9393055555555543
Model 2,10.0,2.6,1.2844166666666659
Model 2,11.0,2.6,0.7444166666666654
Model 2,11.5,2.6,2.967222222222221
Model 2,12.0,2.6,2.720583333333328
Model 2,12.5,2.6,3.3803333333333314
Model 2,13.0,2.6,2.817972222222223
Model 2,13.5,2.6,2.453416666666666
Model 2,14.0,2.6,1.7542499999999974
Model 2,14.5,2.6,0.5473333333333332
Model 2,15.0,2.6,0.15772222222222226
Model 2,8.5,2.8000000000000003,0.37327777777777726
Model 2,9.0,2.8000000000000003,3.3478611111111114
Model 2,9.5,2.8000000000000003,3.468500000000003
Model 2,10.0,2.8000000000000003,3.9812777777777777
Model 2,10.5,2.8000000000000003,3.632500000000001
Model 2,11.0,2.8000000000000003,3.1409999999999956
Model 2,11.5,2.8000000000000003,2.535638888888888
Model 2,12.0,2.8000000000000003,1.5474999999999983
Model 2,12.5,2.8000000000000003,0.8430000000000004
Model 2,13.0,2.8000000000000003,1.2154722222222214
Model 2,14.0,2.8000000000000003,1.9324444444444444
Model 2,14.5,2.8000000000000003,2.417277777777778
Model 2,15.0,2.8000000000000003,2.5983611111111107
Model 3,8,0,1.1307222222222226
Model 3,8.5,0,1.003416666666667
Model 3,9.0,0,0.8626111111111118
Model 3,9.5,0,0.6799166666666667
Model 3,10.0,0,0.39041666666666697
Model 3,10.5,0,0.2565833333333334
Model 3,11.0,0,0.38516666666666666
Model 3,12.0,0,0.553638888888889
Model 3,12.5,0,0.6531666666666658
Model 3,13.0,0,0.7417777777777782
Model 3,13.5,0,0.6591111111111109
Model 3,14.0,0,0.514666666666667
Model 3,14.5,0,0.3435000000000004
Model 3,15.0,0,0.15622222222222237
Model 3,8,0.2,0.43994444444444436
Model 3,8.5,0.2,0.4557500000000001
Model 3,9.5,0.2,0.6429722222222227
Model 3,10.0,0.2,0.8209722222222219
Model 3,10.5,0.2,0.857055555555556
Model 3,11.0,0.2,0.8794999999999998
Model 3,11.5,0.2,0.7441388888888882
Model 3,12.0,0.2,0.5258888888888884
Model 3,12.5,0.2,0.3472500000000001
Model 3,13.0,0.2,0.1627222222222221
Model 3,13.5,0.2,0.14527777777777778
Model 3,14.5,0.2,0.22352777777777788
Model 3,15.0,0.2,0.5163055555555558
Model 3,8,0.4,1.014388888888889
Model 3,8.5,0.4,1.097666666666666
Model 3,9.0,0.4,0.944333333333333
Model 3,9.5,0.4,0.7703055555555552
Model 3,10.0,0.4,0.5593611111111105
Model 3,10.5,0.4,0.33436111111111105
Model 3,11.0,0.4,0.21063888888888888
Model 3,12.0,0.4,0.23594444444444454
Model 3,12.5,0.4,0.7156111111111115
Model 3,13.0,0.4,0.611583333333333
Model 3,13.5,0.4,0.7441111111111116
Model 3,14.0,0.4,0.5811944444444441
Model 3,14.5,0.4,0.44483333333333325
Model 3,15.0,0.4,0.2753055555555554
Model 3,8,0.6000000000000001,0.5315277777777777
Model 3,8.5,0.6000000000000001,0.3474999999999997
Model 3,9.5,0.6000000000000001,0.21105555555555558
Model 3,10.0,0.6000000000000001,0.8508055555555556
Model 3,10.5,0.6000000000000001,0.7626944444444446
Model 3,11.0,0.6000000000000001,0.9490277777777772
Model 3,11.5,0.6000000000000001,0.7828055555555568
Model 3,12.0,0.6000000000000001,0.6921944444444437
Model 3,12.5,0.6000000000000001,0.47891666666666716
Model 3,13.0,0.6000000000000001,0.21288888888888885
Model 3,13.5,0.6000000000000001,0.12452777777777779
Model 3,14.5,0.6000000000000001,0.028444444444444453
Model 3,15.0,0.6000000000000001,0.4117777777777779
Model 3,8,0.8,0.9772777777777771
Model 3,8.5,0.8,1.1419722222222226
Model 3,9.0,0.8,1.0325833333333334
Model 3,9.5,0.8,0.8789444444444443
Model 3,10.0,0.8,0.7160277777777777
Model 3,10.5,0.8,0.42441666666666633
Model 3,11.0,0.8,0.25936111111111093
Model 3,11.5,0.8,0.36966666666666675
Model 3,12.5,0.8,0.5816666666666668
Model 3,13.0,0.8,0.6724999999999998
Model 3,13.5,0.8,0.7089722222222227
Model 3,14.0,0.8,0.6878333333333326
Model 3,14.5,0.8,0.5476944444444444
Model 3,15.0,0.8,0.35650000000000015
Model 3,8,1.0,0.6781666666666668
Model 3,8.5,1.0,0.45813888888888904
Model 3,9.0,1.0,0.4735833333333333
Model 3,10.0,1.0,0.6082500000000001
Model 3,10.5,1.0,0.8710833333333337
Model 3,11.0,1.0,0.8661944444444434
Model 3,11.5,1.0,0.9226388888888886
Model 3,12.0,1.0,0.758055555555555
Model 3,12.5,1.0,0.553944444444445
Model 3,13.0,1.0,0.3697777777777779
Model 3,13.5,1.0,0.16705555555555557
Model 3,14.0,1.0,0.1271388888888889
Model 3,15.0,1.0,0.19019444444444444
Model 3,8,1.2,1.0780833333333333
Model 3,8.5,1.2,1.0048888888888878
Model 3,9.0,1.2,1.126638888888889
Model 3,9.5,1.2,0.975916666666667
Model 3,10.0,1.2,0.8222777777777769
Model 3,10.5,1.2,0.5895833333333332
Model 3,11.0,1.2,0.35611111111111116
Model 3,11.5,1.2,0.20219444444444448
Model 3,12.5,1.2,0.2167222222222222
Model 3,13.0,1.2,0.7081388888888881
Model 3,13.5,1.2,0.6164444444444447
Model 3,14.0,1.2,0.775916666666666
Model 3,14.5,1.2,0.5819166666666665
Model 3,15.0,1.2,0.470083333333333
Model 3,8,1.4,0.8507777777777774
Model 3,8.5,1.4,0.5349999999999995
Model 3,9.0,1.4,0.36119444444444415
Model 3,10.0,1.4,0.1612499999999999
Model 3,10.5,1.4,0.8270833333333333
Model 3,11.0,1.4,0.7788055555555558
Model 3,11.5,1.4,0.9772222222222219
Model 3,12.0,1.4,0.8226666666666661
Model 3,12.5,1.4,0.7070000000000004
Model 3,13.0,1.4,0.48899999999999944
Model 3,13.5,1.4,0.2291666666666666
Model 3,14.0,1.4,0.1319166666666667
Model 3,15.0,1.4,0.0015833333333333342
Model 3,8,1.5999999999999999,0.9667499999999999
Model 3,8.5,1.5999999999999999,1.0356944444444434
Model 3,9.0,1.5999999999999999,1.1562222222222225
Model 3,9.5,1.5999999999999999,1.0546944444444442
Model 3,10.0,1.5999999999999999,0.8980833333333336
Model 3,10.5,1.5999999999999999,0.7455555555555552
Model 3,11.0,1.5999999999999999,0.4483611111111115
Model 3,11.5,1.5999999999999999,0.2615833333333334
Model 3,12.0,1.5999999999999999,0.32388888888888906
Model 3,13.0,1.5999999999999999,0.5420833333333334
Model 3,13.5,1.5999999999999999,0.6796111111111108
Model 3,14.0,1.5999999999999999,0.673444444444444
Model 3,14.5,1.5999999999999999,0.6849166666666664
Model 3,15.0,1.5999999999999999,0.5670555555555556
Model 3,8,1.7999999999999998,0.937916666666666
Model 3,8.5,1.7999999999999998,0.7106111111111122
Model 3,9.0,1.7999999999999998,0.47841666666666677
Model 3,9.5,1.7999999999999998,0.46063888888888904
Model 3,10.5,1.7999999999999998,0.5435555555555553
Model 3,11.0,1.7999999999999998,0.9198333333333344
Model 3,11.5,1.7999999999999998,0.8735277777777782
Model 3,12.0,1.7999999999999998,0.9321666666666677
Model 3,12.5,1.7999999999999998,0.773722222222223
Model 3,13.0,1.7999999999999998,0.5630555555555558
Model 3,13.5,1.7999999999999998,0.36969444444444416
Model 3,14.0,1.7999999999999998,0.1740555555555556
Model 3,14.5,1.7999999999999998,0.10727777777777779
Model 3,8,1.9999999999999998,0.4869722222222221
Model 3,8.5,1.9999999999999998,1.0931111111111116
Model 3,9.0,1.9999999999999998,1.011694444444445
Model 3,9.5,1.9999999999999998,1.1648611111111113
Model 3,10.0,1.9999999999999998,0.9953055555555549
Model 3,10.5,1.9999999999999998,0.8524722222222225
Model 3,11.0,1.9999999999999998,0.6220000000000002
Model 3,11.5,1.9999999999999998,0.35758333333333336
Model 3,12.0,1.9999999999999998,0.1834444444444445
Model 3,13.0,1.9999999999999998,0.19088888888888897
Model 3,13.5,1.9999999999999998,0.6968055555555553
Model 3,14.0,1.9999999999999998,0.5671944444444439
Model 3,14.5,1.9999999999999998,0.791138888888888
Model 3,15.0,1.9999999999999998,0.5896111111111111
Model 3,8,2.1999999999999997,1.0953055555555538
Model 3,8.5,2.1999999999999997,0.8677777777777789
Model 3,9.0,2.1999999999999997,0.5188333333333329
Model 3,9.5,2.1999999999999997,0.3764444444444445
Model 3,10.5,2.1999999999999997,0.10622222222222216
Model 3,11.0,2.1999999999999997,0.7996944444444444
Model 3,11.5,2.1999999999999997,0.7905833333333327
Model 3,12.0,2.1999999999999997,0.9907222222222218
Model 3,12.5,2.1999999999999997,0.8536944444444438
Model 3,13.0,2.1999999999999997,0.7001944444444441
Model 3,13.5,2.1999999999999997,0.49675
Model 3,14.0,2.1999999999999997,0.23263888888888884
Model 3,14.5,2.1999999999999997,0.1245277777777778
Model 3,15.0,2.1999999999999997,0.24380555555555558
Model 3,8.5,2.4,0.9673888888888884
Model 3,9.0,2.4,1.076805555555556
Model 3,9.5,2.4,1.1790833333333328
Model 3,10.0,2.4,1.09561111111111
Model 3,10.5,2.4,0.9420277777777787
Model 3,11.0,2.4,0.7499166666666663
Model 3,11.5,2.4,0.4530555555555554
Model 3,12.0,2.4,0.2594722222222223
Model 3,12.5,2.4,0.2878888888888891
Model 3,13.5,2.4,0.4773333333333333
Model 3,14.0,2.4,0.6541944444444451
Model 3,14.5,2.4,0.6890555555555554
Model 3,15.0,2.4,0.7140833333333327
Model 3,8,2.6,1.1844166666666667
Model 3,8.5,2.6,0.955138888888889
Model 3,9.0,2.6,0.7263611111111113
Model 3,9.5,2.6,0.46427777777777784
Model 3,10.0,2.6,0.41697222222222247
Model 3,11.0,2.6,0.48500000000000004
Model 3,11.5,2.6,0.9090833333333326
Model 3,12.0,2.6,0.8556388888888891
Model 3,12.5,2.6,0.9428333333333323
Model 3,13.0,2.6,0.7740833333333329
Model 3,13.5,2.6,0.580333333333334
Model 3,14.0,2.6,0.37061111111111106
Model 3,14.5,2.6,0.1760000000000001
Model 3,15.0,2.6,0.08797222222222223
Model 3,8.5,2.8000000000000003,0.4371944444444446
Model 3,9.0,2.8000000000000003,1.141222222222221
Model 3,9.5,2.8000000000000003,1.0282222222222213
Model 3,10.0,2.8000000000000003,1.1728333333333323
Model 3,10.5,2.8000000000000003,1.0086111111111107
Model 3,11.0,2.8000000000000003,0.8507500000000001
Model 3,11.5,2.8000000000000003,0.6458333333333333
Model 3,12.0,2.8000000000000003,0.3336666666666667
Model 3,12.5,2.8000000000000003,0.1681944444444445
Model 3,13.5,2.8000000000000003,0.15524999999999994
Model 3,14.0,2.8000000000000003,0.6709444444444443
Model 3,14.5,2.8000000000000003,0.5737777777777783
Model 3,15.0,2.8000000000000003,0.7779722222222222
Model 4,8,0,1.1526111111111101
Model 4,8.5,0,0.9800277777777784
Model 4,9.0,0,0.8417222222222223
Model 4,9.5,0,0.6484722222222228
Model 4,10.0,0,0.35952777777777795
Model 4,10.5,0,0.2009722222222222
Model 4,11.5,0,0.14633333333333326
Model 4,12.0,0,0.6696666666666661
Model 4,12.5,0,0.5847777777777775
Model 4,13.0,0,0.775638888888889
Model 4,13.5,0,0.6036666666666668
Model 4,14.0,0,0.5159722222222224
Model 4,14.5,0,0.3090833333333335
Model 4,15.0,0,0.11188888888888887
Model 4,8,0.2,0.42038888888888865
Model 4,9.0,0.2,0.05369444444444443
Model 4,9.5,0.2,0.7836388888888891
Model 4,10.0,0.2,0.8109722222222224
Model 4,10.5,0.2,0.9633055555555555
Model 4,11.0,0.2,0.8577777777777768
Model 4,11.5,0.2,0.699194444444444
Model 4,12.0,0.2,0.5372222222222218
Model 4,12.5,0.2,0.27744444444444427
Model 4,13.0,0.2,0.14452777777777776
Model 4,13.5,0.2,0.23158333333333342
Model 4,14.5,0.2,0.41908333333333314
Model 4,15.0,0.2,0.510277777777778
Model 4,8,0.4,1.1047499999999995
Model 4,8.5,0.4,1.0936111111111106
Model 4,9.0,0.4,0.9536111111111116
Model 4,9.5,0.4,0.7526666666666664
Model 4,10.0,0.4,0.5065000000000005
Model 4,10.5,0.4,0.2984722222222221
Model 4,11.0,0.4,0.3162500000000004
Model 4,12.0,0.4,0.444
Model 4,12.5,0.4,0.7133611111111114
Model 4,13.0,0.4,0.6837500000000001
Model 4,13.5,0.4,0.7483055555555564
Model 4,14.0,0.4,0.5820277777777784
Model 4,14.5,0.4,0.3754444444444443
Model 4,15.0,0.4,0.23258333333333336
Model 4,8,0.6000000000000001,0.5001111111111117
Model 4,8.5,0.6000000000000001,0.415555555555556
Model 4,9.5,0.6000000000000001,0.42583333333333345
Model 4,10.0,0.6000000000000001,0.9034722222222226
Model 4,10.5,0.6000000000000001,0.8261111111111122
Model 4,11.0,0.6000000000000001,0.9536388888888884
Model 4,11.5,0.6000000000000001,0.7950277777777774
Model 4,12.0,0.6000000000000001,0.6475277777777777
Model 4,12.5,0.6000000000000001,0.4247500000000003
Model 4,13.0,0.6000000000000001,0.2233888888888888
Model 4,13.5,0.6000000000000001,0.10119444444444446
Model 4,14.5,0.6000000000000001,0.1471666666666666
Model 4,15.0,0.6000000000000001,0.549138888888889
Model 4,8,0.8,1.0203611111111122
Model 4,8.5,0.8,1.1912222222222215
Model 4,9.0,0.8,0.9944444444444429
Model 4,9.5,0.8,0.8886944444444449
Model 4,10.0,0.8,0.6737222222222222
Model 4,10.5,0.8,0.36863888888888857
Model 4,11.0,0.8,0.21805555555555564
Model 4,12.0,0.8,0.10947222222222223
Model 4,12.5,0.8,0.6443333333333336
Model 4,13.0,0.8,0.6014999999999997
Model 4,13.5,0.8,0.8072499999999995
Model 4,14.0,0.8,0.6481111111111106
Model 4,14.5,0.8,0.527972222222222
Model 4,15.0,0.8,0.32388888888888906
Model 4,8,1.0,0.5932500000000006
Model 4,8.5,1.0,0.4518611111111114
Model 4,9.5,1.0,0.002361111111111112
Model 4,10.0,1.0,0.7911388888888886
Model 4,10.5,1.0,0.8686666666666665
Model 4,11.0,1.0,0.9793888888888886
Model 4,11.5,1.0,0.8794999999999991
Model 4,12.0,1.0,0.7221388888888894
Model 4,12.5,1.0,0.5660000000000001
Model 4,13.0,1.0,0.29763888888888856
Model 4,13.5,1.0,0.15352777777777782
Model 4,14.0,1.0,0.1991666666666668
Model 4,15.0,1.0,0.38158333333333294
Model 4,8,1.2,1.0897500000000004
Model 4,8.5,1.2,1.092972222222222
Model 4,9.0,1.2,1.1013611111111112
Model 4,9.5,1.2,0.9914166666666677
Model 4,10.0,1.2,0.7569999999999996
Model 4,10.5,1.2,0.5406111111111104
Model 4,11.0,1.2,0.3213888888888889
Model 4,11.5,1.2,0.3076666666666668
Model 4,12.5,1.2,0.3964444444444439
Model 4,13.0,1.2,0.7487222222222208
Model 4,13.5,1.2,0.6880555555555553
Model 4,14.0,1.2,0.7548611111111102
Model 4,14.5,1.2,0.5989999999999996
Model 4,15.0,1.2,0.39347222222222217
Model 4,8,1.4,0.7769166666666676
Model 4,8.5,1.4,0.5230277777777776
Model 4,9.0,1.4,0.3903055555555557
Model 4,10.0,1.4,0.38044444444444436
Model 4,10.5,1.4,0.9298333333333344
Model 4,11.0,1.4,0.841583333333334
Model 4,11.5,1.4,0.9902222222222213
Model 4,12.0,1.4,0.8210833333333326
Model 4,12.5,1.4,0.6756111111111108
Model 4,13.0,1.4,0.4580555555555554
Model 4,13.5,1.4,0.22263888888888886
Model 4,14.0,1.4,0.09094444444444445
Model 4,15.0,1.4,0.1348888888888889
Model 4,8,1.5999999999999999,1.1104722222222234
Model 4,8.5,1.5999999999999999,0.994138888888888
Model 4,9.0,1.5999999999999999,1.2135555555555546
Model 4,9.5,1.5999999999999999,1.0226111111111105
Model 4,10.0,1.5999999999999999,0.9227777777777779
Model 4,10.5,1.5999999999999999,0.6935277777777775
Model 4,11.0,1.5999999999999999,0.3572777777777781
Model 4,11.5,1.5999999999999999,0.24177777777777815
Model 4,12.5,1.5999999999999999,0.07233333333333333
Model 4,13.0,1.5999999999999999,0.6253888888888892
Model 4,13.5,1.5999999999999999,0.6097500000000001
Model 4,14.0,1.5999999999999999,0.8078888888888901
Model 4,14.5,1.5999999999999999,0.6789722222222228
Model 4,15.0,1.5999999999999999,0.5258611111111114
Model 4,8,1.7999999999999998,0.9464166666666662
Model 4,8.5,1.7999999999999998,0.6161666666666669
Model 4,9.0,1.7999999999999998,0.4570833333333333
Model 4,9.5,1.7999999999999998,0.6033333333333332
Model 4,10.5,1.7999999999999998,0.801583333333333
Model 4,11.0,1.7999999999999998,0.9078055555555559
Model 4,11.5,1.7999999999999998,1.0022777777777787
Model 4,12.0,1.7999999999999998,0.9216666666666672
Model 4,12.5,1.7999999999999998,0.7701111111111106
Model 4,13.0,1.7999999999999998,0.5727777777777778
Model 4,13.5,1.7999999999999998,0.30602777777777784
Model 4,14.0,1.7999999999999998,0.16030555555555553
Model 4,14.5,1.7999999999999998,0.17941666666666664
Model 4,8,1.9999999999999998,0.8665277777777771
Model 4,8.5,1.9999999999999998,1.0822222222222224
Model 4,9.0,1.9999999999999998,1.1246111111111112
Model 4,9.5,1.9999999999999998,1.157277777777777
Model 4,10.0,1.9999999999999998,1.0091111111111102
Model 4,10.5,1.9999999999999998,0.783000000000001
Model 4,11.0,1.9999999999999998,0.5579444444444442
Model 4,11.5,1.9999999999999998,0.30563888888888896
Model 4,12.0,1.9999999999999998,0.2726388888888891
Model 4,13.0,1.9999999999999998,0.35069444444444464
Model 4,13.5,1.9999999999999998,0.7343611111111115
Model 4,14.0,1.9999999999999998,0.6744444444444444
Model 4,14.5,1.9999999999999998,0.7681666666666661
Model 4,15.0,1.9999999999999998,0.6040833333333336
Model 4,8,2.1999999999999997,1.039972222222223
Model 4,8.5,2.1999999999999997,0.8017222222222219
Model 4,9.0,2.1999999999999997,0.5455833333333334
Model 4,9.5,2.1999999999999997,0.37158333333333315
Model 4,10.5,2.1999999999999997,0.34958333333333313
Model 4,11.0,2.1999999999999997,0.9666666666666666
Model 4,11.5,2.1999999999999997,0.8592500000000004
Model 4,12.0,2.1999999999999997,1.0066388888888895
Model 4,12.5,2.1999999999999997,0.8271388888888898
Model 4,13.0,2.1999999999999997,0.6734444444444443
Model 4,13.5,2.1999999999999997,0.4653888888888893
Model 4,14.0,2.1999999999999997,0.20661111111111113
Model 4,14.5,2.1999999999999997,0.0841388888888889
Model 4,8,2.4,0.2708888888888888
Model 4,8.5,2.4,1.1008055555555551
Model 4,9.0,2.4,1.0169999999999992
Model 4,9.5,2.4,1.2223611111111108
Model 4,10.0,2.4,1.051222222222223
Model 4,10.5,2.4,0.9502222222222226
Model 4,11.0,2.4,0.7088611111111102
Model 4,11.5,2.4,0.37180555555555567
Model 4,12.0,2.4,0.24288888888888902
Model 4,13.0,2.4,0.039722222222222214
Model 4,13.5,2.4,0.6049444444444444
Model 4,14.0,2.4,0.6321111111111108
Model 4,14.5,2.4,0.802472222222222
Model 4,15.0,2.4,0.6874444444444447
Model 4,8,2.6,1.1478611111111119
Model 4,8.5,2.6,0.9738888888888879
Model 4,9.0,2.6,0.6365277777777777
Model 4,9.5,2.6,0.439361111111111
Model 4,10.0,2.6,0.5526111111111108
Model 4,11.0,2.6,0.8123333333333326
Model 4,11.5,2.6,0.9135833333333331
Model 4,12.0,2.6,0.949527777777779
Model 4,12.5,2.6,0.934194444444444
Model 4,13.0,2.6,0.7808333333333334
Model 4,13.5,2.6,0.5570833333333339
Model 4,14.0,2.6,0.3135833333333331
Model 4,14.5,2.6,0.15044444444444452
Model 4,15.0,2.6,0.16855555555555554
Model 4,8.5,2.8000000000000003,0.7923333333333334
Model 4,9.0,2.8000000000000003,1.140277777777778
Model 4,9.5,2.8000000000000003,1.1208611111111115
Model 4,10.0,2.8000000000000003,1.1899444444444431
Model 4,10.5,2.8000000000000003,1.0172777777777764
Model 4,11.0,2.8000000000000003,0.7826111111111111
Model 4,11.5,2.8000000000000003,0.5638055555555552
Model 4,12.0,2.8000000000000003,0.2974722222222222
Model 4,12.5,2.8000000000000003,0.23388888888888892
Model 4,13.5,2.8000000000000003,0.2968611111111111
Model 4,14.0,2.8000000000000003,0.7258055555555554
Model 4,14.5,2.8000000000000003,0.6378055555555557
Model 4,15.0,2.8000000000000003,0.7738611111111112
