Model 1,8,0,0.8566388888888886
Model 1,8.5,0,0.9638888888888872
Model 1,9.0,0,0.9718611111111117
Model 1,9.5,0,0.9767222222222227
Model 1,10.0,0,0.8389722222222221
Model 1,10.5,0,0.6308611111111108
Model 1,11.0,0,0.41661111111111127
Model 1,11.5,0,0.22783333333333322
Model 1,12.0,0,0.2391111111111112
Model 1,13.0,0,0.3357777777777777
Model 1,13.5,0,0.6243888888888888
Model 1,14.0,0,0.5759722222222221
Model 1,14.5,0,0.6351944444444455
Model 1,15.0,0,0.47277777777777785
Model 1,8,0.2,0.8446666666666665
Model 1,8.5,0.2,0.6489444444444449
Model 1,9.0,0.2,0.40208333333333407
Model 1,9.5,0.2,0.3105277777777778
Model 1,10.5,0.2,0.3386944444444443
Model 1,11.0,0.2,0.7880833333333342
Model 1,11.5,0.2,0.7096666666666669
Model 1,12.0,0.2,0.8523055555555559
Model 1,12.5,0.2,0.6814166666666669
Model 1,13.0,0.2,0.5420277777777777
Model 1,13.5,0.2,0.33886111111111095
Model 1,14.0,0.2,0.16286111111111123
Model 1,14.5,0.2,0.06069444444444445
Model 1,8,0.4,0.3183888888888892
Model 1,8.5,0.4,1.0009166666666667
Model 1,9.0,0.4,0.8826944444444446
Model 1,9.5,0.4,1.0787777777777776
Model 1,10.0,0.4,0.8809999999999987
Model 1,10.5,0.4,0.7781944444444439
Model 1,11.0,0.4,0.5609999999999998
Model 1,11.5,0.4,0.2761944444444444
Model 1,12.0,0.4,0.1632777777777778
Model 1,13.0,0.4,0.07530555555555558
Model 1,13.5,0.4,0.5232500000000004
Model 1,14.0,0.4,0.5054999999999994
Model 1,14.5,0.4,0.6977499999999998
Model 1,15.0,0.4,0.5519722222222215
Model 1,8,0.6000000000000001,0.9964166666666661
Model 1,8.5,0.6000000000000001,0.8044722222222226
Model 1,9.0,0.6000000000000001,0.49766666666666665
Model 1,9.5,0.6000000000000001,0.3604722222222221
Model 1,10.0,0.6000000000000001,0.5006111111111111
Model 1,11.0,0.6000000000000001,0.6704999999999998
Model 1,11.5,0.6000000000000001,0.7733611111111107
Model 1,12.0,0.6000000000000001,0.8740000000000001
Model 1,12.5,0.6000000000000001,0.780138888888888
Model 1,13.0,0.6000000000000001,0.6281666666666667
Model 1,13.5,0.6000000000000001,0.4619999999999998
Model 1,14.0,0.6000000000000001,0.22636111111111099
Model 1,14.5,0.6000000000000001,0.1083611111111111
Model 1,15.0,0.6000000000000001,0.1363055555555556
Model 1,8.5,0.8,0.7908888888888892
Model 1,9.0,0.8,0.9615277777777769
Model 1,9.5,0.8,0.9891111111111103
Model 1,10.0,0.8,0.9998055555555554
Model 1,10.5,0.8,0.8816111111111119
Model 1,11.0,0.8,0.6473611111111107
Model 1,11.5,0.8,0.4465277777777778
Model 1,12.0,0.8,0.24241666666666678
Model 1,12.5,0.8,0.22191666666666682
Model 1,13.5,0.8,0.31083333333333335
Model 1,14.0,0.8,0.6427777777777774
Model 1,14.5,0.8,0.5672222222222222
Model 1,15.0,0.8,0.6448611111111101
Model 1,8,1.0,1.0751388888888893
Model 1,8.5,1.0,0.8931944444444441
Model 1,9.0,1.0,0.6727777777777784
Model 1,9.5,1.0,0.4337222222222225
Model 1,10.0,1.0,0.2988333333333334
Model 1,11.0,1.0,0.30430555555555555
Model 1,11.5,1.0,0.8351388888888882
Model 1,12.0,1.0,0.7314444444444447
Model 1,12.5,1.0,0.874527777777777
Model 1,13.0,1.0,0.7089166666666665
Model 1,13.5,1.0,0.5670555555555553
Model 1,14.0,1.0,0.37169444444444427
Model 1,14.5,1.0,0.15780555555555562
Model 1,15.0,1.0,0.05613888888888891
Model 1,8.5,1.2,0.2812777777777778
Model 1,9.0,1.2,0.9846944444444434
Model 1,9.5,1.2,0.8878333333333329
Model 1,10.0,1.2,1.0933333333333324
Model 1,10.5,1.2,0.9192499999999999
Model 1,11.0,1.2,0.8170833333333328
Model 1,11.5,1.2,0.5933611111111111
Model 1,12.0,1.2,0.28363888888888894
Model 1,12.5,1.2,0.18125000000000002
Model 1,13.5,1.2,0.04944444444444444
Model 1,14.0,1.2,0.5218888888888892
Model 1,14.5,1.2,0.5128611111111112
Model 1,15.0,1.2,0.699055555555556
Model 1,8,1.4,1.1667222222222209
Model 1,8.5,1.4,1.0204999999999997
Model 1,9.0,1.4,0.8377222222222218
Model 1,9.5,1.4,0.5231666666666669
Model 1,10.0,1.4,0.3581666666666665
Model 1,10.5,1.4,0.4927499999999996
Model 1,11.5,1.4,0.7010277777777777
Model 1,12.0,1.4,0.7920277777777777
Model 1,12.5,1.4,0.862666666666666
Model 1,13.0,1.4,0.8150000000000011
Model 1,13.5,1.4,0.6667777777777778
Model 1,14.0,1.4,0.4661388888888889
Model 1,14.5,1.4,0.2398055555555556
Model 1,15.0,1.4,0.11013888888888893
Model 1,8,1.5999999999999999,0.5819722222222226
Model 1,9.0,1.5999999999999999,0.7430833333333334
Model 1,9.5,1.5999999999999999,0.97963888888889
Model 1,10.0,1.5999999999999999,1.006277777777778
Model 1,10.5,1.5999999999999999,1.052611111111111
Model 1,11.0,1.5999999999999999,0.8938611111111111
Model 1,11.5,1.5999999999999999,0.679888888888889
Model 1,12.0,1.5999999999999999,0.46505555555555544
Model 1,12.5,1.5999999999999999,0.23441666666666675
Model 1,13.0,1.5999999999999999,0.19602777777777783
Model 1,14.0,1.5999999999999999,0.2622222222222222
Model 1,14.5,1.5999999999999999,0.6297222222222223
Model 1,15.0,1.5999999999999999,0.5569166666666666
Model 1,8,1.7999999999999998,1.2632499999999998
Model 1,8.5,1.7999999999999998,1.1101666666666672
Model 1,9.0,1.7999999999999998,0.9377222222222226
Model 1,9.5,1.7999999999999998,0.7004444444444444
Model 1,10.0,1.7999999999999998,0.45038888888888867
Model 1,10.5,1.7999999999999998,0.28380555555555564
Model 1,11.5,1.7999999999999998,0.28402777777777766
Model 1,12.0,1.7999999999999998,0.8369722222222227
Model 1,12.5,1.7999999999999998,0.7459999999999996
Model 1,13.0,1.7999999999999998,0.8939999999999991
Model 1,13.5,1.7999999999999998,0.7108888888888892
Model 1,14.0,1.7999999999999998,0.5768333333333335
Model 1,14.5,1.7999999999999998,0.36669444444444455
Model 1,15.0,1.7999999999999998,0.15025000000000008
Model 1,8,1.9999999999999998,0.4615555555555556
Model 1,9.0,1.9999999999999998,0.2178333333333333
Model 1,9.5,1.9999999999999998,0.9766388888888885
Model 1,10.0,1.9999999999999998,0.9005833333333324
Model 1,10.5,1.9999999999999998,1.1140277777777778
Model 1,11.0,1.9999999999999998,0.9476944444444441
Model 1,11.5,1.9999999999999998,0.8386111111111106
Model 1,12.0,1.9999999999999998,0.5988888888888891
Model 1,12.5,1.9999999999999998,0.30002777777777795
Model 1,13.0,1.9999999999999998,0.1850833333333335
Model 1,14.0,1.9999999999999998,0.01791666666666667
Model 1,14.5,1.9999999999999998,0.5050555555555556
Model 1,15.0,1.9999999999999998,0.5573888888888887
Model 1,8,2.1999999999999997,1.296361111111111
Model 1,8.5,2.1999999999999997,1.1911111111111103
Model 1,9.0,2.1999999999999997,1.0313611111111116
Model 1,9.5,2.1999999999999997,0.8679999999999993
Model 1,10.0,2.1999999999999997,0.5474444444444436
Model 1,10.5,2.1999999999999997,0.34602777777777793
Model 1,11.0,2.1999999999999997,0.43619444444444416
Model 1,12.0,2.1999999999999997,0.6963055555555556
Model 1,12.5,2.1999999999999997,0.8033333333333335
Model 1,13.0,2.1999999999999997,0.8135833333333333
Model 1,13.5,2.1999999999999997,0.8173055555555554
Model 1,14.0,2.1999999999999997,0.6771666666666659
Model 1,14.5,2.1999999999999997,0.45111111111111096
Model 1,15.0,2.1999999999999997,0.2516111111111111
Model 1,8,2.4,0.5764444444444441
Model 1,8.5,2.4,0.5810277777777778
Model 1,9.5,2.4,0.6660555555555557
Model 1,10.0,2.4,1.041305555555554
Model 1,10.5,2.4,1.005333333333332
Model 1,11.0,2.4,1.07136111111111
Model 1,11.5,2.4,0.9058333333333325
Model 1,12.0,2.4,0.6749722222222219
Model 1,12.5,2.4,0.4676111111111113
Model 1,13.0,2.4,0.2285555555555557
Model 1,13.5,2.4,0.16511111111111118
Model 1,14.5,2.4,0.2290277777777778
Model 1,15.0,2.4,0.6280555555555556
Model 1,8,2.6,1.1506111111111115
Model 1,8.5,2.6,1.2974166666666676
Model 1,9.0,2.6,1.1263333333333325
Model 1,9.5,2.6,0.9770555555555556
Model 1,10.0,2.6,0.7205000000000003
Model 1,10.5,2.6,0.45322222222222275
Model 1,11.0,2.6,0.25736111111111093
Model 1,12.0,2.6,0.24877777777777765
Model 1,12.5,2.6,0.8360277777777784
Model 1,13.0,2.6,0.7058333333333334
Model 1,13.5,2.6,0.9148888888888891
Model 1,14.0,2.6,0.7024722222222225
Model 1,14.5,2.6,0.5915
Model 1,15.0,2.6,0.3584444444444444
Model 1,8,2.8000000000000003,0.6380555555555552
Model 1,8.5,2.8000000000000003,0.46250000000000024
Model 1,9.5,2.8000000000000003,0.15241666666666662
Model 1,10.0,2.8000000000000003,0.932277777777778
Model 1,10.5,2.8000000000000003,0.9111388888888892
Model 1,11.0,2.8000000000000003,1.1311388888888894
Model 1,11.5,2.8000000000000003,0.9776111111111124
Model 1,12.0,2.8000000000000003,0.8282500000000004
Model 1,12.5,2.8000000000000003,0.6110555555555551
Model 1,13.0,2.8000000000000003,0.3050000000000001
Model 1,13.5,2.8000000000000003,0.17747222222222234
Model 1,14.0,2.8000000000000003,0.3226111111111111
Model 1,15.0,2.8000000000000003,0.48369444444444437
Model 2,8,0,0.6799999999999987
Model 2,8.5,0,2.998666666666665
Model 2,9.0,0,2.82769444444444
Model 2,9.5,0,3.462527777777777
Model 2,10.0,0,2.9516111111111116
Model 2,10.5,0,2.5694444444444446
Model 2,11.0,0,1.8838333333333321
Model 2,11.5,0,0.8378055555555545
Model 2,12.0,0,0.3910555555555552
Model 2,13.0,0,0.05255555555555555
Model 2,13.5,0,1.5098611111111098
Model 2,14.0,0,1.687305555555554
Model 2,14.5,0,2.1428333333333325
Model 2,15.0,0,1.8470555555555543
Model 2,8,0.2,3.248638888888884
Model 2,8.5,0.2,2.652027777777775
Model 2,9.0,0.2,1.7069166666666642
Model 2,9.5,0.2,1.067305555555556
Model 2,10.0,0.2,1.3288055555555554
Model 2,11.0,0.2,2.0031111111111115
Model 2,11.5,0.2,2.5098611111111104
Model 2,12.0,0.2,2.6204166666666646
Model 2,12.5,0.2,2.599666666666665
Model 2,13.0,0.2,2.1218055555555537
Model 2,13.5,0.2,1.4616111111111114
Model 2,14.0,0.2,0.6790833333333332
Model 2,14.5,0.2,0.11136111111111117
Model 2,15.0,0.2,0.17366666666666655
Model 2,8.5,0.4,2.0810833333333303
Model 2,9.0,0.4,3.184444444444441
Model 2,9.5,0.4,3.12177777777778
Model 2,10.0,0.4,3.362361111111113
Model 2,10.5,0.4,2.826611111111108
Model 2,11.0,0.4,2.1839999999999993
Model 2,11.5,0.4,1.4947777777777764
Model 2,12.0,0.4,0.6522222222222218
Model 2,12.5,0.4,0.3658333333333334
Model 2,13.5,0.4,0.6396666666666668
Model 2,14.0,0.4,1.959555555555555
Model 2,14.5,0.4,1.7180277777777766
Model 2,15.0,0.4,2.1682500000000013
Model 2,8,0.6000000000000001,3.5273333333333348
Model 2,8.5,0.6000000000000001,3.0244444444444434
Model 2,9.0,0.6000000000000001,2.298083333333333
Model 2,9.5,0.6000000000000001,1.4283888888888878
Model 2,10.0,0.6000000000000001,0.8132222222222218
Model 2,11.0,0.6000000000000001,0.726166666666666
Model 2,11.5,0.6000000000000001,2.5798055555555552
Model 2,12.0,0.6000000000000001,2.317527777777777
Model 2,12.5,0.6000000000000001,2.878416666666666
Model 2,13.0,0.6000000000000001,2.293166666666668
Model 2,13.5,0.6000000000000001,1.9028055555555556
Model 2,14.0,0.6000000000000001,1.2222777777777765
Model 2,14.5,0.6000000000000001,0.2805833333333333
Model 2,15.0,0.6000000000000001,0.048750000000000016
Model 2,8.5,0.8,0.51836111111111
Model 2,9.0,0.8,2.98552777777778
Model 2,9.5,0.8,2.922166666666667
Model 2,10.0,0.8,3.5222777777777745
Model 2,10.5,0.8,3.06566666666666
Model 2,11.0,0.8,2.656361111111109
Model 2,11.5,0.8,1.9851388888888888
Model 2,12.0,0.8,0.9763055555555563
Model 2,12.5,0.8,0.45775000000000055
Model 2,13.5,0.8,0.015611111111111116
Model 2,14.0,0.8,1.5236388888888883
Model 2,14.5,0.8,1.8520555555555547
Model 2,15.0,0.8,2.168694444444447
Model 2,8,1.0,3.845416666666671
Model 2,8.5,1.0,3.33205555555555
Model 2,9.0,1.0,2.7597222222222206
Model 2,9.5,1.0,1.852805555555554
Model 2,10.0,1.0,1.1517499999999998
Model 2,10.5,1.0,1.2647499999999996
Model 2,11.5,1.0,1.9444444444444435
Model 2,12.0,1.0,2.5857222222222167
Model 2,12.5,1.0,2.5924722222222174
Model 2,13.0,1.0,2.683999999999998
Model 2,13.5,1.0,2.2218055555555534
Model 2,14.0,1.0,1.5339722222222223
Model 2,14.5,1.0,0.8032222222222225
Model 2,15.0,1.0,0.1255833333333333
Model 2,8,1.2,1.7733611111111096
Model 2,9.0,1.2,1.921805555555553
Model 2,9.5,1.2,3.323083333333334
Model 2,10.0,1.2,3.1462499999999958
Model 2,10.5,1.2,3.4481666666666655
Model 2,11.0,1.2,2.907055555555552
Model 2,11.5,1.2,2.2934722222222224
Model 2,12.0,1.2,1.6032777777777754
Model 2,12.5,1.2,0.7356388888888885
Model 2,13.0,1.2,0.3111388888888888
Model 2,14.0,1.2,0.5924999999999996
Model 2,14.5,1.2,2.0293055555555544
Model 2,15.0,1.2,1.7533333333333314
Model 2,8,1.4,4.173138888888889
Model 2,8.5,1.4,3.5963611111111113
Model 2,9.0,1.4,3.1520833333333322
Model 2,9.5,1.4,2.4369722222222157
Model 2,10.0,1.4,1.517861111111109
Model 2,10.5,1.4,0.859861111111112
Model 2,11.5,1.4,0.6362499999999992
Model 2,12.0,1.4,2.5837499999999975
Model 2,12.5,1.4,2.324833333333331
Model 2,13.0,1.4,2.965277777777778
Model 2,13.5,1.4,2.3842499999999993
Model 2,14.0,1.4,2.0234444444444413
Model 2,14.5,1.4,1.3231388888888878
Model 2,15.0,1.4,0.285
Model 2,8,1.5999999999999999,1.6556388888888884
Model 2,9.0,1.5999999999999999,0.3676388888888881
Model 2,9.5,1.5999999999999999,2.956611111111109
Model 2,10.0,1.5999999999999999,3.0317222222222218
Model 2,10.5,1.5999999999999999,3.5789166666666645
Model 2,11.0,1.5999999999999999,3.1975277777777777
Model 2,11.5,1.5999999999999999,2.722222222222217
Model 2,12.0,1.5999999999999999,2.101111111111109
Model 2,12.5,1.5999999999999999,1.1046944444444442
Model 2,13.0,1.5999999999999999,0.499583333333333
Model 2,13.5,1.5999999999999999,0.8969166666666666
Model 2,14.5,1.5999999999999999,1.5333333333333317
Model 2,15.0,1.5999999999999999,1.9880833333333332
Model 2,8,1.7999999999999998,4.103222222222223
Model 2,8.5,1.7999999999999998,3.9530000000000043
Model 2,9.0,1.7999999999999998,3.4584999999999995
Model 2,9.5,1.7999999999999998,2.8461111111111084
Model 2,10.0,1.7999999999999998,1.9858055555555547
Model 2,10.5,1.7999999999999998,1.243444444444445
Model 2,11.0,1.7999999999999998,1.2320277777777784
Model 2,12.0,1.7999999999999998,1.8072777777777758
Model 2,12.5,1.7999999999999998,2.6391944444444446
Model 2,13.0,1.7999999999999998,2.6324444444444453
Model 2,13.5,1.7999999999999998,2.7836388888888868
Model 2,14.0,1.7999999999999998,2.3173888888888885
Model 2,14.5,1.7999999999999998,1.6141944444444416
Model 2,15.0,1.7999999999999998,0.8915277777777764
Model 2,8,1.9999999999999998,2.030833333333333
Model 2,8.5,1.9999999999999998,1.7636111111111115
Model 2,9.5,1.9999999999999998,1.7758888888888873
Model 2,10.0,1.9999999999999998,3.386166666666665
Model 2,10.5,1.9999999999999998,3.1599722222222186
Model 2,11.0,1.9999999999999998,3.522833333333333
Model 2,11.5,1.9999999999999998,2.9878611111111075
Model 2,12.0,1.9999999999999998,2.4400555555555563
Model 2,12.5,1.9999999999999998,1.7145833333333333
Model 2,13.0,1.9999999999999998,0.8076944444444432
Model 2,13.5,1.9999999999999998,0.25602777777777785
Model 2,14.5,1.9999999999999998,0.5360833333333331
Model 2,15.0,1.9999999999999998,2.115833333333333
Model 2,8,2.1999999999999997,3.7223611111111143
Model 2,8.5,2.1999999999999997,4.253055555555557
Model 2,9.0,2.1999999999999997,3.677972222222219
Model 2,9.5,2.1999999999999997,3.256944444444442
Model 2,10.0,2.1999999999999997,2.581722222222222
Model 2,10.5,2.1999999999999997,1.5847777777777794
Model 2,11.0,2.1999999999999997,0.8985277777777769
Model 2,12.0,2.1999999999999997,0.5377777777777769
Model 2,12.5,2.1999999999999997,2.5567500000000005
Model 2,13.0,2.1999999999999997,2.381277777777777
Model 2,13.5,2.1999999999999997,3.0186111111111087
Model 2,14.0,2.1999999999999997,2.5033333333333334
Model 2,14.5,2.1999999999999997,2.1229722222222187
Model 2,15.0,2.1999999999999997,1.4357500000000016
Model 2,8,2.4,2.2936111111111126
Model 2,8.5,2.4,1.7877777777777772
Model 2,9.5,2.4,0.2302777777777773
Model 2,10.0,2.4,2.97122222222222
Model 2,10.5,2.4,3.1434722222222202
Model 2,11.0,2.4,3.6034722222222224
Model 2,11.5,2.4,3.304888888888891
Model 2,12.0,2.4,2.802916666666664
Model 2,12.5,2.4,2.2054444444444417
Model 2,13.0,2.4,1.2193611111111111
Model 2,13.5,2.4,0.4790833333333335
Model 2,14.0,2.4,0.8521944444444441
Model 2,15.0,2.4,1.5394444444444444
Model 2,8,2.6,3.9692777777777772
Model 2,8.5,2.6,4.083916666666663
Model 2,9.0,2.6,4.058083333333328
Model 2,9.5,2.6,3.5792777777777753
Model 2,10.0,2.6,2.9216944444444404
Model 2,10.5,2.6,2.122472222222222
Model 2,11.0,2.6,1.3336388888888893
Model 2,11.5,2.6,1.225361111111112
Model 2,12.5,2.6,1.6926666666666657
Model 2,13.0,2.6,2.7370833333333335
Model 2,13.5,2.6,2.678638888888886
Model 2,14.0,2.6,2.9153888888888866
Model 2,14.5,2.6,2.382388888888888
Model 2,15.0,2.6,1.7368333333333323
Model 2,8,2.8000000000000003,2.9524166666666605
Model 2,8.5,2.8000000000000003,2.110805555555552
Model 2,9.0,2.8000000000000003,1.749500000000002
Model 2,10.0,2.8000000000000003,1.6150833333333323
Model 2,10.5,2.8000000000000003,3.418805555555557
Model 2,11.0,2.8000000000000003,3.179805555555554
Model 2,11.5,2.8000000000000003,3.6263888888888873
Model 2,12.0,2.8000000000000003,3.08188888888889
Model 2,12.5,2.8000000000000003,2.57697222222222
Model 2,13.0,2.8000000000000003,1.8341944444444416
Model 2,13.5,2.8000000000000003,0.8425555555555557
Model 2,14.0,2.8000000000000003,0.21622222222222218
Model 2,15.0,2.8000000000000003,0.491611111111111
Model 3,8,0,0.4848611111111112
Model 3,8.5,0,0.9516388888888893
Model 3,9.0,0,0.8924166666666667
Model 3,9.5,0,1.0009444444444437
Model 3,10.0,0,0.8508611111111104
Model 3,10.5,0,0.6783888888888888
Model 3,11.0,0,0.46897222222222196
Model 3,11.5,0,0.2640833333333333
Model 3,12.0,0,0.14263888888888893
Model 3,13.0,0,0.18133333333333332
Model 3,13.5,0,0.6040555555555561
Model 3,14.0,0,0.5153611111111113
Model 3,14.5,0,0.6486388888888887
Model 3,15.0,0,0.4694444444444436
Model 3,8,0.2,0.9203611111111116
Model 3,8.5,0.2,0.7223611111111109
Model 3,9.0,0.2,0.4342222222222223
Model 3,9.5,0.2,0.26972222222222214
Model 3,10.5,0.2,0.15030555555555553
Model 3,11.0,0.2,0.7229444444444447
Model 3,11.5,0.2,0.6523333333333333
Model 3,12.0,0.2,0.8512222222222221
Model 3,12.5,0.2,0.6878888888888893
Model 3,13.0,0.2,0.5902499999999997
Model 3,13.5,0.2,0.3792777777777781
Model 3,14.0,0.2,0.16102777777777783
Model 3,14.5,0.2,0.08547222222222228
Model 3,8,0.4,0.03358333333333331
Model 3,8.5,0.4,0.8481388888888888
Model 3,9.0,0.4,0.900944444444444
Model 3,9.5,0.4,1.033611111111111
Model 3,10.0,0.4,0.9303055555555559
Model 3,10.5,0.4,0.7686388888888886
Model 3,11.0,0.4,0.6185000000000007
Model 3,11.5,0.4,0.34733333333333366
Model 3,12.0,0.4,0.19230555555555554
Model 3,12.5,0.4,0.26602777777777775
Model 3,13.5,0.4,0.4696388888888887
Model 3,14.0,0.4,0.5800277777777775
Model 3,14.5,0.4,0.5770555555555557
Model 3,15.0,0.4,0.5830555555555551
Model 3,8,0.6000000000000001,1.0226111111111107
Model 3,8.5,0.6000000000000001,0.8163333333333337
Model 3,9.0,0.6000000000000001,0.594166666666667
Model 3,9.5,0.6000000000000001,0.37519444444444444
Model 3,10.0,0.6000000000000001,0.3808611111111112
Model 3,11.0,0.6000000000000001,0.47305555555555545
Model 3,11.5,0.6000000000000001,0.7931111111111108
Model 3,12.0,0.6000000000000001,0.756194444444444
Model 3,12.5,0.6000000000000001,0.8146388888888889
Model 3,13.0,0.6000000000000001,0.6562222222222223
Model 3,13.5,0.6000000000000001,0.45225000000000004
Model 3,14.0,0.6000000000000001,0.29063888888888884
Model 3,14.5,0.6000000000000001,0.11891666666666664
Model 3,15.0,0.6000000000000001,0.08169444444444447
Model 3,8.5,0.8,0.44686111111111143
Model 3,9.0,0.8,0.9697777777777776
Model 3,9.5,0.8,0.8943611111111106
Model 3,10.0,0.8,1.0370000000000004
Model 3,10.5,0.8,0.8665555555555559
Model 3,11.0,0.8,0.7241666666666664
Model 3,11.5,0.8,0.5045833333333329
Model 3,12.0,0.8,0.2806666666666668
Model 3,12.5,0.8,0.13522222222222224
Model 3,13.5,0.8,0.16433333333333341
Model 3,14.0,0.8,0.6106111111111108
Model 3,14.5,0.8,0.4906111111111113
Model 3,15.0,0.8,0.6813611111111111
Model 3,8,1.0,1.0603055555555558
Model 3,8.5,1.0,0.9633055555555557
Model 3,9.0,1.0,0.7468333333333336
Model 3,9.5,1.0,0.4318333333333331
Model 3,10.0,1.0,0.2906388888888885
Model 3,11.0,1.0,0.10588888888888882
Model 3,11.5,1.0,0.691222222222222
Model 3,12.0,1.0,0.6781666666666676
Model 3,12.5,1.0,0.876111111111111
Model 3,13.0,1.0,0.7332222222222217
Model 3,13.5,1.0,0.5979722222222223
Model 3,14.0,1.0,0.4029722222222222
Model 3,14.5,1.0,0.17669444444444438
Model 3,15.0,1.0,0.09133333333333332
Model 3,8,1.2,0.6746388888888892
Model 3,9.0,1.2,0.8537222222222222
Model 3,9.5,1.2,0.9560555555555541
Model 3,10.0,1.2,1.058361111111111
Model 3,10.5,1.2,0.9651111111111108
Model 3,11.0,1.2,0.8145833333333335
Model 3,11.5,1.2,0.644083333333333
Model 3,12.0,1.2,0.366138888888889
Model 3,12.5,1.2,0.20408333333333353
Model 3,13.0,1.2,0.23688888888888898
Model 3,14.0,1.2,0.4187777777777778
Model 3,14.5,1.2,0.5713611111111111
Model 3,15.0,1.2,0.5850833333333326
Model 3,8,1.4,1.1786388888888881
Model 3,8.5,1.4,1.0599166666666666
Model 3,9.0,1.4,0.8338611111111104
Model 3,9.5,1.4,0.6228055555555556
Model 3,10.0,1.4,0.38908333333333334
Model 3,10.5,1.4,0.3551111111111109
Model 3,11.5,1.4,0.43486111111111103
Model 3,12.0,1.4,0.8100555555555566
Model 3,12.5,1.4,0.7453611111111118
Model 3,13.0,1.4,0.8236111111111118
Model 3,13.5,1.4,0.6746111111111116
Model 3,14.0,1.4,0.4830277777777776
Model 3,14.5,1.4,0.2962777777777775
Model 3,15.0,1.4,0.1316111111111113
Model 3,8,1.5999999999999999,0.4595555555555555
Model 3,9.0,1.5999999999999999,0.40163888888888877
Model 3,9.5,1.5999999999999999,1.0193611111111112
Model 3,10.0,1.5999999999999999,0.9166388888888886
Model 3,10.5,1.5999999999999999,1.058027777777779
Model 3,11.0,1.5999999999999999,0.8941666666666664
Model 3,11.5,1.5999999999999999,0.7534444444444443
Model 3,12.0,1.5999999999999999,0.5425277777777778
Model 3,12.5,1.5999999999999999,0.2720277777777778
Model 3,13.0,1.5999999999999999,0.12800000000000003
Model 3,14.0,1.5999999999999999,0.14786111111111114
Model 3,14.5,1.5999999999999999,0.5875000000000001
Model 3,15.0,1.5999999999999999,0.4820555555555552
Model 3,8,1.7999999999999998,1.2692499999999989
Model 3,8.5,1.7999999999999998,1.0978333333333332
Model 3,9.0,1.7999999999999998,0.9974722222222212
Model 3,9.5,1.7999999999999998,0.7782222222222237
Model 3,10.0,1.7999999999999998,0.4321111111111109
Model 3,10.5,1.7999999999999998,0.30722222222222195
Model 3,11.5,1.7999999999999998,0.06911111111111111
Model 3,12.0,1.7999999999999998,0.6880555555555558
Model 3,12.5,1.7999999999999998,0.6802499999999997
Model 3,13.0,1.7999999999999998,0.876888888888889
Model 3,13.5,1.7999999999999998,0.7585555555555558
Model 3,14.0,1.7999999999999998,0.6050555555555555
Model 3,14.5,1.7999999999999998,0.41113888888888894
Model 3,15.0,1.7999999999999998,0.18200000000000002
Model 3,8,1.9999999999999998,0.526111111111111
Model 3,8.5,1.9999999999999998,0.6616666666666666
Model 3,9.5,1.9999999999999998,0.8849999999999998
Model 3,10.0,1.9999999999999998,0.9743055555555553
Model 3,10.5,1.9999999999999998,1.044638888888888
Model 3,11.0,1.9999999999999998,1.0006388888888884
Model 3,11.5,1.9999999999999998,0.8541388888888904
Model 3,12.0,1.9999999999999998,0.6511944444444445
Model 3,12.5,1.9999999999999998,0.38077777777777777
Model 3,13.0,1.9999999999999998,0.2050000000000001
Model 3,13.5,1.9999999999999998,0.2265277777777779
Model 3,14.5,1.9999999999999998,0.38047222222222243
Model 3,15.0,1.9999999999999998,0.5792222222222223
Model 3,8,2.1999999999999997,1.1840833333333323
Model 3,8.5,2.1999999999999997,1.2297222222222222
Model 3,9.0,2.1999999999999997,1.0725555555555553
Model 3,9.5,2.1999999999999997,0.8614444444444442
Model 3,10.0,2.1999999999999997,0.6392222222222225
Model 3,10.5,2.1999999999999997,0.37322222222222246
Model 3,11.0,2.1999999999999997,0.31533333333333313
Model 3,12.0,2.1999999999999997,0.3751666666666664
Model 3,12.5,2.1999999999999997,0.7956388888888885
Model 3,13.0,2.1999999999999997,0.7289444444444444
Model 3,13.5,2.1999999999999997,0.8445555555555543
Model 3,14.0,2.1999999999999997,0.6869166666666663
Model 3,14.5,2.1999999999999997,0.5027222222222226
Model 3,15.0,2.1999999999999997,0.30141666666666683
Model 3,8,2.4,0.6227777777777783
Model 3,8.5,2.4,0.43916666666666626
Model 3,9.5,2.4,0.367027777777778
Model 3,10.0,2.4,1.0203333333333324
Model 3,10.5,2.4,0.9291111111111107
Model 3,11.0,2.4,1.077222222222221
Model 3,11.5,2.4,0.8964999999999989
Model 3,12.0,2.4,0.759944444444444
Model 3,12.5,2.4,0.5398888888888891
Model 3,13.0,2.4,0.25791666666666674
Model 3,13.5,2.4,0.12302777777777779
Model 3,14.5,2.4,0.10913888888888887
Model 3,15.0,2.4,0.5624999999999998
Model 3,8,2.6,1.079944444444445
Model 3,8.5,2.6,1.2906944444444441
Model 3,9.0,2.6,1.1269999999999991
Model 3,9.5,2.6,1.0208888888888885
Model 3,10.0,2.6,0.7840555555555561
Model 3,10.5,2.6,0.44944444444444476
Model 3,11.0,2.6,0.3069166666666666
Model 3,12.0,2.6,0.026277777777777782
Model 3,12.5,2.6,0.6737777777777775
Model 3,13.0,2.6,0.7252777777777781
Model 3,13.5,2.6,0.8709999999999993
Model 3,14.0,2.6,0.7576944444444448
Model 3,14.5,2.6,0.5843888888888894
Model 3,15.0,2.6,0.4188333333333334
Model 3,8,2.8000000000000003,0.7229444444444443
Model 3,8.5,2.8000000000000003,0.5155833333333331
Model 3,9.0,2.8000000000000003,0.5954999999999997
Model 3,10.0,2.8000000000000003,0.8732222222222218
Model 3,10.5,2.8000000000000003,0.9838611111111116
Model 3,11.0,2.8000000000000003,0.9974444444444441
Model 3,11.5,2.8000000000000003,1.0003055555555551
Model 3,12.0,2.8000000000000003,0.8615555555555554
Model 3,12.5,2.8000000000000003,0.6311388888888889
Model 3,13.0,2.8000000000000003,0.3913333333333329
Model 3,13.5,2.8000000000000003,0.19927777777777783
Model 3,14.0,2.8000000000000003,0.215388888888889
Model 3,15.0,2.8000000000000003,0.32305555555555543
Model 4,8,0,0.8408611111111106
Model 4,8.5,0,0.9686388888888884
Model 4,9.0,0,0.9670277777777776
Model 4,9.5,0,0.9782222222222222
Model 4,10.0,0,0.8456388888888886
Model 4,10.5,0,0.6333333333333331
Model 4,11.0,0,0.42155555555555574
Model 4,11.5,0,0.2304999999999998
Model 4,12.0,0,0.24016666666666683
Model 4,13.0,0,0.3317222222222222
Model 4,13.5,0,0.6331944444444444
Model 4,14.0,0,0.58075
Model 4,14.5,0,0.6393333333333349
Model 4,15.0,0,0.47738888888888925
Model 4,8,0.2,0.8539999999999993
Model 4,8.5,0.2,0.6556111111111115
Model 4,9.0,0.2,0.4089166666666673
Model 4,9.5,0.2,0.3055277777777778
Model 4,10.5,0.2,0.3339166666666665
Model 4,11.0,0.2,0.795222222222222
Model 4,11.5,0.2,0.7102500000000003
Model 4,12.0,0.2,0.8619444444444452
Model 4,12.5,0.2,0.6904999999999999
Model 4,13.0,0.2,0.5478055555555554
Model 4,13.5,0.2,0.3491666666666668
Model 4,14.0,0.2,0.16463888888888886
Model 4,14.5,0.2,0.059583333333333315
Model 4,8,0.4,0.3087777777777781
Model 4,8.5,0.4,1.0018055555555545
Model 4,9.0,0.4,0.8763055555555557
Model 4,9.5,0.4,1.0871666666666668
Model 4,10.0,0.4,0.8877777777777767
Model 4,10.5,0.4,0.7848888888888882
Model 4,11.0,0.4,0.567277777777778
Model 4,11.5,0.4,0.27836111111111117
Model 4,12.0,0.4,0.1677222222222223
Model 4,13.0,0.4,0.0690277777777778
Model 4,13.5,0.4,0.5243888888888893
Model 4,14.0,0.4,0.5104722222222219
Model 4,14.5,0.4,0.7015833333333328
Model 4,15.0,0.4,0.5608333333333331
Model 4,8,0.6000000000000001,1.003222222222222
Model 4,8.5,0.6000000000000001,0.8144722222222226
Model 4,9.0,0.6000000000000001,0.5045000000000005
Model 4,9.5,0.6000000000000001,0.3634722222222223
Model 4,10.0,0.6000000000000001,0.499361111111111
Model 4,11.0,0.6000000000000001,0.6775
Model 4,11.5,0.6000000000000001,0.7851388888888892
Model 4,12.0,0.6000000000000001,0.8849722222222225
Model 4,12.5,0.6000000000000001,0.7899444444444443
Model 4,13.0,0.6000000000000001,0.6404166666666666
Model 4,13.5,0.6000000000000001,0.46222222222222203
Model 4,14.0,0.6000000000000001,0.2298333333333332
Model 4,14.5,0.6000000000000001,0.11038888888888893
Model 4,15.0,0.6000000000000001,0.13547222222222224
Model 4,8.5,0.8,0.7786111111111116
Model 4,9.0,0.8,0.9606111111111112
Model 4,9.5,0.8,0.999805555555555
Model 4,10.0,0.8,1.014083333333333
Model 4,10.5,0.8,0.8848333333333344
Model 4,11.0,0.8,0.6549166666666664
Model 4,11.5,0.8,0.45355555555555543
Model 4,12.0,0.8,0.24336111111111122
Model 4,12.5,0.8,0.21911111111111128
Model 4,13.5,0.8,0.3092499999999999
Model 4,14.0,0.8,0.6390277777777773
Model 4,14.5,0.8,0.5699722222222227
Model 4,15.0,0.8,0.651388888888888
Model 4,8,1.0,1.0864444444444452
Model 4,8.5,1.0,0.9052222222222219
Model 4,9.0,1.0,0.6802777777777786
Model 4,9.5,1.0,0.44080555555555556
Model 4,10.0,1.0,0.3004166666666666
Model 4,11.0,1.0,0.3047499999999999
Model 4,11.5,1.0,0.8465277777777771
Model 4,12.0,1.0,0.7401944444444452
Model 4,12.5,1.0,0.8783888888888886
Model 4,13.0,1.0,0.7126944444444445
Model 4,13.5,1.0,0.5678333333333332
Model 4,14.0,1.0,0.37777777777777777
Model 4,14.5,1.0,0.15811111111111117
Model 4,15.0,1.0,0.05647222222222224
Model 4,8.5,1.2,0.26397222222222216
Model 4,9.0,1.2,0.9880833333333341
Model 4,9.5,1.2,0.8999444444444434
Model 4,10.0,1.2,1.0993333333333322
Model 4,10.5,1.2,0.9249444444444438
Model 4,11.0,1.2,0.8236666666666671
Model 4,11.5,1.2,0.6027499999999998
Model 4,12.0,1.2,0.28983333333333355
Model 4,12.5,1.2,0.18397222222222223
Model 4,13.5,1.2,0.04652777777777778
Model 4,14.0,1.2,0.5205277777777784
Model 4,14.5,1.2,0.5231666666666671
Model 4,15.0,1.2,0.7038888888888898
Model 4,8,1.4,1.1774722222222203
Model 4,8.5,1.4,1.0243888888888888
Model 4,9.0,1.4,0.8475000000000006
Model 4,9.5,1.4,0.5339722222222226
Model 4,10.0,1.4,0.3603333333333331
Model 4,10.5,1.4,0.4844166666666664
Model 4,11.5,1.4,0.7137777777777778
Model 4,12.0,1.4,0.8021666666666665
Model 4,12.5,1.4,0.8552222222222223
Model 4,13.0,1.4,0.8212222222222226
Model 4,13.5,1.4,0.6740277777777774
Model 4,14.0,1.4,0.46966666666666623
Model 4,14.5,1.4,0.2451666666666666
Model 4,15.0,1.4,0.11213888888888887
Model 4,8,1.5999999999999999,0.5904444444444442
Model 4,9.0,1.5999999999999999,0.7320833333333332
Model 4,9.5,1.5999999999999999,0.9912222222222224
Model 4,10.0,1.5999999999999999,1.0087222222222225
Model 4,10.5,1.5999999999999999,1.0626388888888882
Model 4,11.0,1.5999999999999999,0.9011388888888886
Model 4,11.5,1.5999999999999999,0.6857500000000005
Model 4,12.0,1.5999999999999999,0.47272222222222204
Model 4,12.5,1.5999999999999999,0.2346666666666668
Model 4,13.0,1.5999999999999999,0.19250000000000012
Model 4,14.0,1.5999999999999999,0.2612777777777778
Model 4,14.5,1.5999999999999999,0.6368888888888887
Model 4,15.0,1.5999999999999999,0.5531944444444447
Model 4,8,1.7999999999999998,1.2724444444444447
Model 4,8.5,1.7999999999999998,1.122083333333333
Model 4,9.0,1.7999999999999998,0.9529444444444441
Model 4,9.5,1.7999999999999998,0.7105833333333337
Model 4,10.0,1.7999999999999998,0.45827777777777745
Model 4,10.5,1.7999999999999998,0.28561111111111115
Model 4,11.5,1.7999999999999998,0.28216666666666657
Model 4,12.0,1.7999999999999998,0.8413888888888892
Model 4,12.5,1.7999999999999998,0.751972222222222
Model 4,13.0,1.7999999999999998,0.9046111111111115
Model 4,13.5,1.7999999999999998,0.7085555555555557
Model 4,14.0,1.7999999999999998,0.583472222222222
Model 4,14.5,1.7999999999999998,0.3700277777777778
Model 4,15.0,1.7999999999999998,0.15358333333333327
Model 4,8,1.9999999999999998,0.465527777777778
Model 4,9.0,1.9999999999999998,0.20247222222222222
Model 4,9.5,1.9999999999999998,0.9719999999999996
Model 4,10.0,1.9999999999999998,0.9076111111111103
Model 4,10.5,1.9999999999999998,1.1236111111111111
Model 4,11.0,1.9999999999999998,0.9581388888888887
Model 4,11.5,1.9999999999999998,0.8449166666666671
Model 4,12.0,1.9999999999999998,0.6101666666666665
Model 4,12.5,1.9999999999999998,0.30783333333333324
Model 4,13.0,1.9999999999999998,0.19016666666666682
Model 4,14.0,1.9999999999999998,0.01647222222222223
Model 4,14.5,1.9999999999999998,0.5054444444444447
Model 4,15.0,1.9999999999999998,0.5691388888888884
Model 4,8,2.1999999999999997,1.3054999999999988
Model 4,8.5,2.1999999999999997,1.2018611111111106
Model 4,9.0,2.1999999999999997,1.0364722222222238
Model 4,9.5,2.1999999999999997,0.8772777777777769
Model 4,10.0,2.1999999999999997,0.5560555555555545
Model 4,10.5,2.1999999999999997,0.3496666666666667
Model 4,11.0,2.1999999999999997,0.4269444444444445
Model 4,12.0,2.1999999999999997,0.6816944444444445
Model 4,12.5,2.1999999999999997,0.807666666666666
Model 4,13.0,2.1999999999999997,0.8058055555555561
Model 4,13.5,2.1999999999999997,0.8197777777777778
Model 4,14.0,2.1999999999999997,0.6816388888888886
Model 4,14.5,2.1999999999999997,0.4482777777777778
Model 4,15.0,2.1999999999999997,0.25563888888888875
Model 4,8,2.4,0.5848055555555547
Model 4,8.5,2.4,0.5861111111111108
Model 4,9.5,2.4,0.6554722222222226
Model 4,10.0,2.4,1.0533611111111107
Model 4,10.5,2.4,1.014861111111111
Model 4,11.0,2.4,1.0782222222222213
Model 4,11.5,2.4,0.9150833333333328
Model 4,12.0,2.4,0.6824166666666661
Model 4,12.5,2.4,0.47266666666666624
Model 4,13.0,2.4,0.23336111111111102
Model 4,13.5,2.4,0.1596666666666667
Model 4,14.5,2.4,0.2282222222222222
Model 4,15.0,2.4,0.6326666666666666
Model 4,8,2.6,1.1546666666666667
Model 4,8.5,2.6,1.3105833333333345
Model 4,9.0,2.6,1.1386111111111106
Model 4,9.5,2.6,0.9885555555555557
Model 4,10.0,2.6,0.7361388888888895
Model 4,10.5,2.6,0.4568333333333338
Model 4,11.0,2.6,0.2566111111111111
Model 4,12.0,2.6,0.24122222222222214
Model 4,12.5,2.6,0.833027777777778
Model 4,13.0,2.6,0.6974722222222227
Model 4,13.5,2.6,0.9216388888888887
Model 4,14.0,2.6,0.7081944444444451
Model 4,14.5,2.6,0.5987500000000003
Model 4,15.0,2.6,0.36208333333333315
Model 4,8,2.8000000000000003,0.6418888888888892
Model 4,8.5,2.8000000000000003,0.47436111111111107
Model 4,9.5,2.8000000000000003,0.13877777777777772
Model 4,10.0,2.8000000000000003,0.9324166666666669
Model 4,10.5,2.8000000000000003,0.9194444444444451
Model 4,11.0,2.8000000000000003,1.1376111111111125
Model 4,11.5,2.8000000000000003,0.9879722222222229
Model 4,12.0,2.8000000000000003,0.8320555555555564
Model 4,12.5,2.8000000000000003,0.6198611111111109
Model 4,13.0,2.8000000000000003,0.3108055555555557
Model 4,13.5,2.8000000000000003,0.18055555555555555
Model 4,14.0,2.8000000000000003,0.32013888888888886
Model 4,15.0,2.8000000000000003,0.4875833333333329
