Model 1,8,0,0.9764166666666665
Model 1,8.5,0,0.9579722222222223
Model 1,9.0,0,1.01725
Model 1,9.5,0,0.8567500000000012
Model 1,10.0,0,0.6601666666666663
Model 1,10.5,0,0.4683333333333327
Model 1,11.0,0,0.24519444444444466
Model 1,11.5,0,0.19361111111111107
Model 1,12.5,0,0.2540000000000001
Model 1,13.0,0,0.6174999999999992
Model 1,13.5,0,0.5353055555555555
Model 1,14.0,0,0.6666111111111095
Model 1,14.5,0,0.5026111111111103
Model 1,15.0,0,0.3645000000000001
Model 1,8,0.2,0.698111111111111
Model 1,8.5,0.2,0.4610555555555551
Model 1,9.0,0.2,0.293888888888889
Model 1,10.0,0.2,0.26022222222222235
Model 1,10.5,0.2,0.8095000000000006
Model 1,11.0,0.2,0.7132777777777777
Model 1,11.5,0.2,0.8754999999999993
Model 1,12.0,0.2,0.6857500000000001
Model 1,12.5,0.2,0.5876111111111113
Model 1,13.0,0.2,0.38752777777777786
Model 1,13.5,0.2,0.1696944444444445
Model 1,14.0,0.2,0.07405555555555558
Model 1,15.0,0.2,0.05858333333333332
Model 1,8,0.4,0.9212222222222224
Model 1,8.5,0.4,0.8725555555555553
Model 1,9.0,0.4,1.0756111111111106
Model 1,9.5,0.4,0.9251944444444443
Model 1,10.0,0.4,0.8137222222222218
Model 1,10.5,0.4,0.6099999999999995
Model 1,11.0,0.4,0.3269166666666667
Model 1,11.5,0.4,0.21933333333333366
Model 1,12.0,0.4,0.3569166666666667
Model 1,13.0,0.4,0.5022222222222217
Model 1,13.5,0.4,0.5862222222222221
Model 1,14.0,0.4,0.6936666666666669
Model 1,14.5,0.4,0.5920000000000005
Model 1,15.0,0.4,0.4404722222222222
Model 1,8,0.6000000000000001,0.843805555555554
Model 1,8.5,0.6000000000000001,0.5677777777777776
Model 1,9.0,0.6000000000000001,0.37849999999999967
Model 1,9.5,0.6000000000000001,0.42305555555555563
Model 1,10.5,0.6000000000000001,0.6502500000000004
Model 1,11.0,0.6000000000000001,0.7876944444444448
Model 1,11.5,0.6000000000000001,0.7873888888888896
Model 1,12.0,0.6000000000000001,0.7962222222222213
Model 1,12.5,0.6000000000000001,0.6883611111111111
Model 1,13.0,0.6000000000000001,0.47016666666666646
Model 1,13.5,0.6000000000000001,0.2846944444444445
Model 1,14.0,0.6000000000000001,0.13880555555555552
Model 1,14.5,0.6000000000000001,0.13652777777777778
Model 1,8,0.8,0.6287222222222223
Model 1,8.5,0.8,1.0194999999999992
Model 1,9.0,0.8,0.9729444444444436
Model 1,9.5,0.8,1.0379444444444434
Model 1,10.0,0.8,0.8823888888888882
Model 1,10.5,0.8,0.689916666666667
Model 1,11.0,0.8,0.4895833333333331
Model 1,11.5,0.8,0.2701666666666668
Model 1,12.0,0.8,0.17213888888888904
Model 1,13.0,0.8,0.2236388888888889
Model 1,13.5,0.8,0.6486666666666665
Model 1,14.0,0.8,0.5371388888888887
Model 1,14.5,0.8,0.6975277777777779
Model 1,15.0,0.8,0.5223055555555556
Model 1,8,1.0,0.9519999999999992
Model 1,8.5,1.0,0.7534722222222228
Model 1,9.0,1.0,0.47763888888888906
Model 1,9.5,1.0,0.2890833333333331
Model 1,10.5,1.0,0.23977777777777765
Model 1,11.0,1.0,0.8114722222222225
Model 1,11.5,1.0,0.6898333333333332
Model 1,12.0,1.0,0.8992777777777775
Model 1,12.5,1.0,0.7201944444444448
Model 1,13.0,1.0,0.6198055555555557
Model 1,13.5,1.0,0.4022777777777776
Model 1,14.0,1.0,0.1676944444444444
Model 1,14.5,1.0,0.08997222222222226
Model 1,8,1.2,0.11413888888888882
Model 1,8.5,1.2,0.9056944444444438
Model 1,9.0,1.2,0.9023333333333324
Model 1,9.5,1.2,1.0901388888888883
Model 1,10.0,1.2,0.9623888888888904
Model 1,10.5,1.2,0.8260833333333336
Model 1,11.0,1.2,0.6445833333333328
Model 1,11.5,1.2,0.34980555555555587
Model 1,12.0,1.2,0.21805555555555564
Model 1,12.5,1.2,0.3555555555555554
Model 1,13.5,1.2,0.5230555555555554
Model 1,14.0,1.2,0.6083888888888884
Model 1,14.5,1.2,0.6966388888888881
Model 1,15.0,1.2,0.6182777777777779
Model 1,8,1.4,1.0427499999999996
Model 1,8.5,1.4,0.8675555555555553
Model 1,9.0,1.4,0.5967222222222222
Model 1,9.5,1.4,0.3953333333333332
Model 1,10.0,1.4,0.4095555555555556
Model 1,11.0,1.4,0.6045000000000006
Model 1,11.5,1.4,0.7815277777777778
Model 1,12.0,1.4,0.8123333333333344
Model 1,12.5,1.4,0.8376111111111105
Model 1,13.0,1.4,0.7014722222222224
Model 1,13.5,1.4,0.4796111111111113
Model 1,14.0,1.4,0.30066666666666664
Model 1,14.5,1.4,0.13088888888888892
Model 1,15.0,1.4,0.11411111111111108
Model 1,8.5,1.5999999999999999,0.5693055555555553
Model 1,9.0,1.5999999999999999,1.0121111111111114
Model 1,9.5,1.5999999999999999,0.9803055555555558
Model 1,10.0,1.5999999999999999,1.0555555555555556
Model 1,10.5,1.5999999999999999,0.9117499999999986
Model 1,11.0,1.5999999999999999,0.7356944444444435
Model 1,11.5,1.5999999999999999,0.5145277777777774
Model 1,12.0,1.5999999999999999,0.28327777777777774
Model 1,12.5,1.5999999999999999,0.1649166666666667
Model 1,13.5,1.5999999999999999,0.20811111111111122
Model 1,14.0,1.5999999999999999,0.6708055555555555
Model 1,14.5,1.5999999999999999,0.5563611111111108
Model 1,15.0,1.5999999999999999,0.6932222222222223
Model 1,8,1.7999999999999998,1.108805555555555
Model 1,8.5,1.7999999999999998,0.9698888888888886
Model 1,9.0,1.7999999999999998,0.7918055555555561
Model 1,9.5,1.7999999999999998,0.4757777777777784
Model 1,10.0,1.7999999999999998,0.2862222222222222
Model 1,11.0,1.7999999999999998,0.1818055555555555
Model 1,11.5,1.7999999999999998,0.8027499999999997
Model 1,12.0,1.7999999999999998,0.6995555555555565
Model 1,12.5,1.7999999999999998,0.9061666666666665
Model 1,13.0,1.7999999999999998,0.7431666666666681
Model 1,13.5,1.7999999999999998,0.6394444444444439
Model 1,14.0,1.7999999999999998,0.4206944444444445
Model 1,14.5,1.7999999999999998,0.1695833333333334
Model 1,15.0,1.7999999999999998,0.09586111111111112
Model 1,8.5,1.9999999999999998,0.059555555555555535
Model 1,9.0,1.9999999999999998,0.9041666666666663
Model 1,9.5,1.9999999999999998,0.9316666666666658
Model 1,10.0,1.9999999999999998,1.098833333333334
Model 1,10.5,1.9999999999999998,0.9904722222222223
Model 1,11.0,1.9999999999999998,0.8401388888888881
Model 1,11.5,1.9999999999999998,0.6635277777777784
Model 1,12.0,1.9999999999999998,0.36944444444444446
Model 1,12.5,1.9999999999999998,0.20319444444444448
Model 1,13.0,1.9999999999999998,0.3109444444444442
Model 1,14.0,1.9999999999999998,0.5186666666666663
Model 1,14.5,1.9999999999999998,0.618055555555555
Model 1,15.0,1.9999999999999998,0.6456944444444445
Model 1,8,2.1999999999999997,1.2185833333333314
Model 1,8.5,2.1999999999999997,1.0798888888888873
Model 1,9.0,2.1999999999999997,0.8823888888888899
Model 1,9.5,2.1999999999999997,0.6183888888888888
Model 1,10.0,2.1999999999999997,0.3992500000000002
Model 1,10.5,2.1999999999999997,0.41025
Model 1,11.5,2.1999999999999997,0.5468611111111112
Model 1,12.0,2.1999999999999997,0.8271944444444441
Model 1,12.5,2.1999999999999997,0.8031944444444445
Model 1,13.0,2.1999999999999997,0.8666111111111108
Model 1,13.5,2.1999999999999997,0.7019444444444444
Model 1,14.0,2.1999999999999997,0.48608333333333326
Model 1,14.5,2.1999999999999997,0.3072777777777779
Model 1,15.0,2.1999999999999997,0.12358333333333332
Model 1,8,2.4,0.5188888888888888
Model 1,9.0,2.4,0.5062777777777776
Model 1,9.5,2.4,1.0256944444444436
Model 1,10.0,2.4,0.9485833333333322
Model 1,10.5,2.4,1.0928888888888886
Model 1,11.0,2.4,0.9265833333333339
Model 1,11.5,2.4,0.7685833333333316
Model 1,12.0,2.4,0.5288611111111108
Model 1,12.5,2.4,0.28566666666666657
Model 1,13.0,2.4,0.14402777777777784
Model 1,14.0,2.4,0.18197222222222223
Model 1,14.5,2.4,0.6531388888888887
Model 1,15.0,2.4,0.5435000000000004
Model 1,8,2.6,1.3067222222222215
Model 1,8.5,2.6,1.1168055555555558
Model 1,9.0,2.6,1.0136944444444456
Model 1,9.5,2.6,0.7863611111111103
Model 1,10.0,2.6,0.4701111111111112
Model 1,10.5,2.6,0.2862499999999999
Model 1,11.5,2.6,0.13194444444444436
Model 1,12.0,2.6,0.7593888888888884
Model 1,12.5,2.6,0.7037222222222228
Model 1,13.0,2.6,0.9183055555555557
Model 1,13.5,2.6,0.7563888888888883
Model 1,14.0,2.6,0.6380000000000005
Model 1,14.5,2.6,0.4112222222222227
Model 1,15.0,2.6,0.17141666666666658
Model 1,8,2.8000000000000003,0.5526666666666672
Model 1,8.5,2.8000000000000003,0.7284166666666668
Model 1,9.5,2.8000000000000003,0.8955555555555555
Model 1,10.0,2.8000000000000003,0.9863055555555553
Model 1,10.5,2.8000000000000003,1.11275
Model 1,11.0,2.8000000000000003,1.0071388888888888
Model 1,11.5,2.8000000000000003,0.8397499999999998
Model 1,12.0,2.8000000000000003,0.6666111111111113
Model 1,12.5,2.8000000000000003,0.3744166666666665
Model 1,13.0,2.8000000000000003,0.20091666666666663
Model 1,13.5,2.8000000000000003,0.25869444444444445
Model 1,14.5,2.8000000000000003,0.46274999999999983
Model 1,15.0,2.8000000000000003,0.6163611111111117
Model 2,8,0,2.788277777777774
Model 2,8.5,0,2.9300555555555534
Model 2,9.0,0,3.4163055555555557
Model 2,9.5,0,3.08213888888889
Model 2,10.0,0,2.6148333333333342
Model 2,10.5,0,2.0286388888888864
Model 2,11.0,0,1.0963333333333323
Model 2,11.5,0,0.5254722222222228
Model 2,12.0,0,0.8434166666666669
Model 2,13.0,0,1.4507777777777777
Model 2,13.5,0,1.9025277777777772
Model 2,14.0,0,2.065499999999998
Model 2,14.5,0,1.975749999999998
Model 2,15.0,0,1.5109722222222215
Model 2,8,0.2,2.7259166666666648
Model 2,8.5,0.2,1.9309999999999992
Model 2,9.0,0.2,1.2183888888888883
Model 2,9.5,0.2,1.1691111111111114
Model 2,10.5,0.2,1.6404722222222217
Model 2,11.0,0.2,2.545472222222221
Model 2,11.5,0.2,2.513277777777776
Model 2,12.0,0.2,2.7014444444444403
Model 2,12.5,0.2,2.2046666666666654
Model 2,13.0,0.2,1.563583333333334
Model 2,13.5,0.2,0.8960277777777782
Model 2,14.0,0.2,0.1861666666666669
Model 2,14.5,0.2,0.14044444444444446
Model 2,8,0.4,1.5863888888888897
Model 2,8.5,0.4,3.222055555555554
Model 2,9.0,0.4,3.011222222222221
Model 2,9.5,0.4,3.4036111111111107
Model 2,10.0,0.4,2.8748055555555543
Model 2,10.5,0.4,2.3720555555555514
Model 2,11.0,0.4,1.680361111111109
Model 2,11.5,0.4,0.835083333333333
Model 2,12.0,0.4,0.30363888888888857
Model 2,13.0,0.4,0.4946388888888889
Model 2,13.5,0.4,2.01288888888889
Model 2,14.0,0.4,1.717194444444444
Model 2,14.5,0.4,2.2507777777777753
Model 2,15.0,0.4,1.6972777777777772
Model 2,8,0.6000000000000001,3.130777777777777
Model 2,8.5,0.6000000000000001,2.5001111111111105
Model 2,9.0,0.6000000000000001,1.5125833333333327
Model 2,9.5,0.6000000000000001,0.9232777777777763
Model 2,10.5,0.6000000000000001,0.40230555555555525
Model 2,11.0,0.6000000000000001,2.4060833333333336
Model 2,11.5,0.6000000000000001,2.2833611111111085
Model 2,12.0,0.6000000000000001,2.8831944444444417
Model 2,12.5,0.6000000000000001,2.42136111111111
Model 2,13.0,0.6000000000000001,2.042416666666664
Model 2,13.5,0.6000000000000001,1.3877777777777767
Model 2,14.0,0.6000000000000001,0.4156666666666668
Model 2,14.5,0.6000000000000001,0.11608333333333333
Model 2,8,0.8,0.11536111111111094
Model 2,8.5,0.8,2.813583333333331
Model 2,9.0,0.8,3.0614166666666702
Model 2,9.5,0.8,3.445027777777777
Model 2,10.0,0.8,3.180444444444443
Model 2,10.5,0.8,2.7015555555555584
Model 2,11.0,0.8,2.126249999999999
Model 2,11.5,0.8,1.2392499999999993
Model 2,12.0,0.8,0.5834444444444439
Model 2,12.5,0.8,0.7811666666666672
Model 2,13.5,0.8,1.424222222222223
Model 2,14.0,0.8,1.9821111111111114
Model 2,14.5,0.8,2.024388888888888
Model 2,15.0,0.8,2.07513888888889
Model 2,8,1.0,3.456777777777777
Model 2,8.5,1.0,2.7990277777777783
Model 2,9.0,1.0,2.05836111111111
Model 2,9.5,1.0,1.3181666666666663
Model 2,10.0,1.0,1.2092777777777775
Model 2,11.0,1.0,1.5249722222222226
Model 2,11.5,1.0,2.667138888888885
Model 2,12.0,1.0,2.534583333333334
Model 2,12.5,1.0,2.8114166666666653
Model 2,13.0,1.0,2.2795555555555533
Model 2,13.5,1.0,1.6799722222222229
Model 2,14.0,1.0,0.9993611111111099
Model 2,14.5,1.0,0.21505555555555564
Model 2,15.0,1.0,0.10200000000000001
Model 2,8.5,1.2,1.4489722222222212
Model 2,9.0,1.2,3.289416666666664
Model 2,9.5,1.2,3.0092777777777786
Model 2,10.0,1.2,3.510583333333328
Model 2,10.5,1.2,2.9530277777777747
Model 2,11.0,1.2,2.509027777777777
Model 2,11.5,1.2,1.8153611111111125
Model 2,12.0,1.2,0.9198055555555553
Model 2,12.5,1.2,0.3107222222222225
Model 2,13.5,1.2,0.4410555555555552
Model 2,14.0,1.2,2.0142499999999965
Model 2,14.5,1.2,1.7508611111111119
Model 2,15.0,1.2,2.3409999999999984
Model 2,8,1.4,3.613222222222223
Model 2,8.5,1.4,3.2598888888888866
Model 2,9.0,1.4,2.580722222222218
Model 2,9.5,1.4,1.5959444444444462
Model 2,10.0,1.4,1.036583333333334
Model 2,11.0,1.4,0.2866111111111107
Model 2,11.5,1.4,2.3712222222222206
Model 2,12.0,1.4,2.382249999999998
Model 2,12.5,1.4,2.9480277777777775
Model 2,13.0,1.4,2.5379999999999994
Model 2,13.5,1.4,2.116833333333334
Model 2,14.0,1.4,1.490944444444442
Model 2,14.5,1.4,0.5055833333333333
Model 2,15.0,1.4,0.12058333333333329
Model 2,8.5,1.5999999999999999,0.0017499999999999983
Model 2,9.0,1.5999999999999999,2.835083333333334
Model 2,9.5,1.5999999999999999,3.215444444444443
Model 2,10.0,1.5999999999999999,3.4795555555555553
Model 2,10.5,1.5999999999999999,3.280666666666663
Model 2,11.0,1.5999999999999999,2.7974444444444444
Model 2,11.5,1.5999999999999999,2.2188888888888867
Model 2,12.0,1.5999999999999999,1.3693888888888885
Model 2,12.5,1.5999999999999999,0.6448888888888894
Model 2,13.0,1.5999999999999999,0.7094999999999998
Model 2,14.0,1.5999999999999999,1.3291944444444435
Model 2,14.5,1.5999999999999999,2.0571944444444425
Model 2,15.0,1.5999999999999999,2.0252777777777777
Model 2,8,1.7999999999999998,3.992027777777781
Model 2,8.5,1.7999999999999998,3.5515833333333333
Model 2,9.0,1.7999999999999998,2.873277777777777
Model 2,9.5,1.7999999999999998,2.182555555555552
Model 2,10.0,1.7999999999999998,1.4281944444444439
Model 2,10.5,1.7999999999999998,1.1985833333333336
Model 2,11.5,1.7999999999999998,1.4037499999999987
Model 2,12.0,1.7999999999999998,2.7592499999999998
Model 2,12.5,1.7999999999999998,2.5663055555555543
Model 2,13.0,1.7999999999999998,2.888277777777776
Model 2,13.5,1.7999999999999998,2.360888888888888
Model 2,14.0,1.7999999999999998,1.7927777777777765
Model 2,14.5,1.7999999999999998,1.0933611111111108
Model 2,15.0,1.7999999999999998,0.2500277777777775
Model 2,8,1.9999999999999998,1.609361111111109
Model 2,9.0,1.9999999999999998,1.3125833333333319
Model 2,9.5,1.9999999999999998,3.371222222222224
Model 2,10.0,1.9999999999999998,3.0550555555555543
Model 2,10.5,1.9999999999999998,3.598416666666666
Model 2,11.0,1.9999999999999998,3.0293333333333328
Model 2,11.5,1.9999999999999998,2.6115833333333325
Model 2,12.0,1.9999999999999998,1.9586111111111104
Model 2,12.5,1.9999999999999998,0.967472222222221
Model 2,13.0,1.9999999999999998,0.29763888888888895
Model 2,14.0,1.9999999999999998,0.3746666666666662
Model 2,14.5,1.9999999999999998,2.007361111111111
Model 2,15.0,1.9999999999999998,1.7648055555555549
Model 2,8,2.1999999999999997,4.246750000000002
Model 2,8.5,2.1999999999999997,3.7204444444444422
Model 2,9.0,2.1999999999999997,3.3600000000000034
Model 2,9.5,2.1999999999999997,2.680944444444443
Model 2,10.0,2.1999999999999997,1.6748888888888873
Model 2,10.5,2.1999999999999997,1.1553611111111102
Model 2,11.5,2.1999999999999997,0.18022222222222198
Model 2,12.0,2.1999999999999997,2.3581111111111115
Model 2,12.5,2.1999999999999997,2.497833333333332
Model 2,13.0,2.1999999999999997,2.987555555555553
Model 2,13.5,2.1999999999999997,2.6488611111111076
Model 2,14.0,2.1999999999999997,2.183111111111112
Model 2,14.5,2.1999999999999997,1.5952777777777776
Model 2,15.0,2.1999999999999997,0.5715277777777777
Model 2,8,2.4,1.9201111111111078
Model 2,8.5,2.4,2.2315833333333335
Model 2,9.5,2.4,2.863861111111107
Model 2,10.0,2.4,3.31494444444444
Model 2,10.5,2.4,3.4822499999999965
Model 2,11.0,2.4,3.386805555555556
Model 2,11.5,2.4,2.922916666666663
Model 2,12.0,2.4,2.296055555555557
Model 2,12.5,2.4,1.494666666666665
Model 2,13.0,2.4,0.6840555555555554
Model 2,13.5,2.4,0.6634444444444442
Model 2,14.5,2.4,1.231388888888888
Model 2,15.0,2.4,2.115277777777775
Model 2,8,2.6,3.927
Model 2,8.5,2.6,4.111638888888893
Model 2,9.0,2.6,3.6163611111111136
Model 2,9.5,2.6,2.974416666666666
Model 2,10.0,2.6,2.3011944444444454
Model 2,10.5,2.6,1.5043888888888906
Model 2,11.0,2.6,1.1397777777777778
Model 2,12.0,2.6,1.2850833333333325
Model 2,12.5,2.6,2.793277777777776
Model 2,13.0,2.6,2.581972222222222
Model 2,13.5,2.6,2.9704444444444444
Model 2,14.0,2.6,2.4423333333333317
Model 2,14.5,2.6,1.9372777777777777
Model 2,15.0,2.6,1.203749999999999
Model 2,8,2.8000000000000003,2.2465555555555543
Model 2,8.5,2.8000000000000003,1.6660833333333314
Model 2,9.5,2.8000000000000003,1.19461111111111
Model 2,10.0,2.8000000000000003,3.4274166666666663
Model 2,10.5,2.8000000000000003,3.129361111111107
Model 2,11.0,2.8000000000000003,3.663416666666668
Model 2,11.5,2.8000000000000003,3.1093055555555567
Model 2,12.0,2.8000000000000003,2.6994444444444414
Model 2,12.5,2.8000000000000003,2.0684722222222196
Model 2,13.0,2.8000000000000003,0.975416666666666
Model 2,13.5,2.8000000000000003,0.2987777777777777
Model 2,14.5,2.8000000000000003,0.26399999999999985
Model 2,15.0,2.8000000000000003,1.9728333333333314
Model 3,8,0,0.9835833333333333
Model 3,8.5,0,0.8839166666666664
Model 3,9.0,0,1.0145277777777777
Model 3,9.5,0,0.8570555555555556
Model 3,10.0,0,0.7207499999999991
Model 3,10.5,0,0.547361111111111
Model 3,11.0,0,0.28397222222222235
Model 3,11.5,0,0.1428333333333334
Model 3,12.5,0,0.11933333333333337
Model 3,13.0,0,0.5713888888888892
Model 3,13.5,0,0.47922222222222166
Model 3,14.0,0,0.6647222222222222
Model 3,14.5,0,0.5091944444444443
Model 3,15.0,0,0.41655555555555523
Model 3,8,0.2,0.7618055555555561
Model 3,8.5,0.2,0.4535277777777778
Model 3,9.0,0.2,0.3386388888888886
Model 3,10.0,0.2,0.03963888888888887
Model 3,10.5,0.2,0.6636666666666662
Model 3,11.0,0.2,0.6912222222222221
Model 3,11.5,0.2,0.8424999999999996
Model 3,12.0,0.2,0.7352500000000001
Model 3,12.5,0.2,0.5933888888888896
Model 3,13.0,0.2,0.4335555555555554
Model 3,13.5,0.2,0.21233333333333348
Model 3,14.0,0.2,0.09924999999999998
Model 3,14.5,0.2,0.17741666666666667
Model 3,8,0.4,0.8545833333333334
Model 3,8.5,0.4,0.9446666666666665
Model 3,9.0,0.4,0.9768055555555551
Model 3,9.5,0.4,0.9639722222222213
Model 3,10.0,0.4,0.8290833333333348
Model 3,10.5,0.4,0.636111111111111
Model 3,11.0,0.4,0.4095000000000002
Model 3,11.5,0.4,0.23163888888888906
Model 3,12.0,0.4,0.24833333333333346
Model 3,13.0,0.4,0.3653055555555557
Model 3,13.5,0.4,0.6061388888888891
Model 3,14.0,0.4,0.5774166666666671
Model 3,14.5,0.4,0.6358333333333337
Model 3,15.0,0.4,0.47838888888888886
Model 3,8,0.6000000000000001,0.8394999999999988
Model 3,8.5,0.6000000000000001,0.6418055555555556
Model 3,9.0,0.6000000000000001,0.39627777777777795
Model 3,9.5,0.6000000000000001,0.32727777777777767
Model 3,10.5,0.6000000000000001,0.3617500000000001
Model 3,11.0,0.6000000000000001,0.7822777777777781
Model 3,11.5,0.6000000000000001,0.7066388888888891
Model 3,12.0,0.6000000000000001,0.8397222222222218
Model 3,12.5,0.6000000000000001,0.6776666666666665
Model 3,13.0,0.6000000000000001,0.5412500000000001
Model 3,13.5,0.6000000000000001,0.33958333333333335
Model 3,14.0,0.6000000000000001,0.16191666666666676
Model 3,14.5,0.6000000000000001,0.06619444444444447
Model 3,8,0.8,0.33299999999999985
Model 3,8.5,0.8,0.9872499999999993
Model 3,9.0,0.8,0.8917222222222223
Model 3,9.5,0.8,1.053333333333333
Model 3,10.0,0.8,0.8646111111111104
Model 3,10.5,0.8,0.7675000000000004
Model 3,11.0,0.8,0.5613333333333331
Model 3,11.5,0.8,0.29141666666666666
Model 3,12.0,0.8,0.1583055555555555
Model 3,13.0,0.8,0.08888888888888892
Model 3,13.5,0.8,0.5447500000000003
Model 3,14.0,0.8,0.495833333333333
Model 3,14.5,0.8,0.6911111111111106
Model 3,15.0,0.8,0.5445833333333331
Model 3,8,1.0,0.9875277777777762
Model 3,8.5,1.0,0.7906666666666663
Model 3,9.0,1.0,0.48561111111111105
Model 3,9.5,1.0,0.36302777777777756
Model 3,10.0,1.0,0.5144166666666667
Model 3,11.0,1.0,0.6724722222222221
Model 3,11.5,1.0,0.7534722222222224
Model 3,12.0,1.0,0.8665833333333335
Model 3,12.5,1.0,0.7663611111111115
Model 3,13.0,1.0,0.6166388888888896
Model 3,13.5,1.0,0.4571666666666662
Model 3,14.0,1.0,0.22700000000000006
Model 3,14.5,1.0,0.10669444444444444
Model 3,15.0,1.0,0.14786111111111114
Model 3,8.5,1.2,0.8201388888888885
Model 3,9.0,1.2,0.9640555555555573
Model 3,9.5,1.2,0.9659999999999997
Model 3,10.0,1.2,0.9743333333333334
Model 3,10.5,1.2,0.8680000000000005
Model 3,11.0,1.2,0.6509722222222213
Model 3,11.5,1.2,0.4354166666666663
Model 3,12.0,1.2,0.24866666666666692
Model 3,12.5,1.2,0.23680555555555557
Model 3,13.5,1.2,0.33025
Model 3,14.0,1.2,0.6418611111111109
Model 3,14.5,1.2,0.5818888888888888
Model 3,15.0,1.2,0.648638888888888
Model 3,8,1.4,1.0548888888888894
Model 3,8.5,1.4,0.8663055555555566
Model 3,9.0,1.4,0.662416666666667
Model 3,9.5,1.4,0.4210277777777775
Model 3,10.0,1.4,0.2961944444444445
Model 3,11.0,1.4,0.3181388888888889
Model 3,11.5,1.4,0.8133055555555553
Model 3,12.0,1.4,0.7078055555555549
Model 3,12.5,1.4,0.8707222222222221
Model 3,13.0,1.4,0.6974722222222218
Model 3,13.5,1.4,0.5596111111111113
Model 3,14.0,1.4,0.36566666666666686
Model 3,14.5,1.4,0.16116666666666674
Model 3,15.0,1.4,0.0565277777777778
Model 3,8.5,1.5999999999999999,0.29977777777777775
Model 3,9.0,1.5999999999999999,0.987916666666666
Model 3,9.5,1.5999999999999999,0.8673055555555549
Model 3,10.0,1.5999999999999999,1.076388888888889
Model 3,10.5,1.5999999999999999,0.8996944444444437
Model 3,11.0,1.5999999999999999,0.8004444444444444
Model 3,11.5,1.5999999999999999,0.5781944444444449
Model 3,12.0,1.5999999999999999,0.28133333333333344
Model 3,12.5,1.5999999999999999,0.17602777777777787
Model 3,13.5,1.5999999999999999,0.06002777777777777
Model 3,14.0,1.5999999999999999,0.5157499999999996
Model 3,14.5,1.5999999999999999,0.5090833333333329
Model 3,15.0,1.5999999999999999,0.6941388888888896
Model 3,8,1.7999999999999998,1.1346111111111103
Model 3,8.5,1.7999999999999998,1.0001388888888896
Model 3,9.0,1.7999999999999998,0.8208055555555549
Model 3,9.5,1.7999999999999998,0.5072222222222216
Model 3,10.0,1.7999999999999998,0.35908333333333353
Model 3,10.5,1.7999999999999998,0.5076666666666669
Model 3,11.5,1.7999999999999998,0.6934722222222223
Model 3,12.0,1.7999999999999998,0.7725277777777791
Model 3,12.5,1.7999999999999998,0.8680555555555558
Model 3,13.0,1.7999999999999998,0.7915555555555556
Model 3,13.5,1.7999999999999998,0.6452777777777777
Model 3,14.0,1.7999999999999998,0.4578611111111109
Model 3,14.5,1.7999999999999998,0.2302500000000002
Model 3,15.0,1.7999999999999998,0.11199999999999996
Model 3,8,1.9999999999999998,0.5687500000000001
Model 3,9.0,1.9999999999999998,0.761444444444444
Model 3,9.5,1.9999999999999998,0.9570833333333318
Model 3,10.0,1.9999999999999998,0.9901388888888891
Model 3,10.5,1.9999999999999998,1.0172500000000002
Model 3,11.0,1.9999999999999998,0.8813888888888887
Model 3,11.5,1.9999999999999998,0.6582222222222226
Model 3,12.0,1.9999999999999998,0.4506111111111113
Model 3,12.5,1.9999999999999998,0.2296944444444444
Model 3,13.0,1.9999999999999998,0.20252777777777795
Model 3,14.0,1.9999999999999998,0.28163888888888877
Model 3,14.5,1.9999999999999998,0.6209166666666674
Model 3,15.0,1.9999999999999998,0.5704166666666667
Model 3,8,2.1999999999999997,1.2272499999999986
Model 3,8.5,2.1999999999999997,1.0851666666666657
Model 3,9.0,2.1999999999999997,0.9116944444444443
Model 3,9.5,2.1999999999999997,0.6810277777777781
Model 3,10.0,2.1999999999999997,0.4326666666666669
Model 3,10.5,2.1999999999999997,0.2798611111111111
Model 3,11.5,2.1999999999999997,0.29172222222222216
Model 3,12.0,2.1999999999999997,0.8406111111111106
Model 3,12.5,2.1999999999999997,0.7258333333333343
Model 3,13.0,2.1999999999999997,0.8658333333333329
Model 3,13.5,2.1999999999999997,0.7006666666666672
Model 3,14.0,2.1999999999999997,0.5521666666666663
Model 3,14.5,2.1999999999999997,0.3720833333333333
Model 3,15.0,2.1999999999999997,0.15266666666666662
Model 3,8,2.4,0.4421944444444442
Model 3,9.0,2.4,0.22988888888888895
Model 3,9.5,2.4,0.9730277777777772
Model 3,10.0,2.4,0.8756111111111113
Model 3,10.5,2.4,1.0842222222222222
Model 3,11.0,2.4,0.9233611111111109
Model 3,11.5,2.4,0.8169166666666672
Model 3,12.0,2.4,0.5957777777777772
Model 3,12.5,2.4,0.2833333333333334
Model 3,13.0,2.4,0.1810000000000001
Model 3,14.0,2.4,0.030472222222222223
Model 3,14.5,2.4,0.4973611111111111
Model 3,15.0,2.4,0.5226944444444439
Model 3,8,2.6,1.2687222222222219
Model 3,8.5,2.6,1.161861111111112
Model 3,9.0,2.6,1.0151388888888895
Model 3,9.5,2.6,0.8360555555555554
Model 3,10.0,2.6,0.5290833333333336
Model 3,10.5,2.6,0.33638888888888896
Model 3,11.0,2.6,0.44797222222222205
Model 3,12.0,2.6,0.6891666666666667
Model 3,12.5,2.6,0.7861111111111109
Model 3,13.0,2.6,0.8172222222222223
Model 3,13.5,2.6,0.8034444444444445
Model 3,14.0,2.6,0.6551111111111109
Model 3,14.5,2.6,0.44508333333333333
Model 3,15.0,2.6,0.2330555555555555
Model 3,8,2.8000000000000003,0.562888888888889
Model 3,8.5,2.8000000000000003,0.5701666666666668
Model 3,9.5,2.8000000000000003,0.6890277777777781
Model 3,10.0,2.8000000000000003,0.9986944444444439
Model 3,10.5,2.8000000000000003,0.9799722222222216
Model 3,11.0,2.8000000000000003,1.0436111111111102
Model 3,11.5,2.8000000000000003,0.8800555555555551
Model 3,12.0,2.8000000000000003,0.6639444444444446
Model 3,12.5,2.8000000000000003,0.4545833333333333
Model 3,13.0,2.8000000000000003,0.2174444444444444
Model 3,13.5,2.8000000000000003,0.16469444444444434
Model 3,14.5,2.8000000000000003,0.24222222222222223
Model 3,15.0,2.8000000000000003,0.6177222222222221
Model 4,8,0,0.9914999999999999
Model 4,8.5,0,0.9678333333333329
Model 4,9.0,0,1.02636111111111
Model 4,9.5,0,0.8614444444444447
Model 4,10.0,0,0.6646944444444454
Model 4,10.5,0,0.4718611111111108
Model 4,11.0,0,0.24913888888888905
Model 4,11.5,0,0.1934166666666667
Model 4,12.5,0,0.24780555555555578
Model 4,13.0,0,0.6220277777777778
Model 4,13.5,0,0.5345555555555557
Model 4,14.0,0,0.6718611111111101
Model 4,14.5,0,0.5044722222222222
Model 4,15.0,0,0.3680555555555552
Model 4,8,0.2,0.7112499999999997
Model 4,8.5,0.2,0.4673611111111105
Model 4,9.0,0.2,0.2947777777777778
Model 4,10.0,0.2,0.2573888888888889
Model 4,10.5,0.2,0.8139166666666675
Model 4,11.0,0.2,0.7110833333333326
Model 4,11.5,0.2,0.8866944444444441
Model 4,12.0,0.2,0.695527777777778
Model 4,12.5,0.2,0.5947500000000003
Model 4,13.0,0.2,0.38927777777777806
Model 4,13.5,0.2,0.16616666666666674
Model 4,14.0,0.2,0.07636111111111112
Model 4,15.0,0.2,0.05177777777777776
Model 4,8,0.4,0.9210555555555551
Model 4,8.5,0.4,0.8845277777777779
Model 4,9.0,0.4,1.0872777777777778
Model 4,9.5,0.4,0.9356666666666656
Model 4,10.0,0.4,0.8164722222222222
Model 4,10.5,0.4,0.616833333333333
Model 4,11.0,0.4,0.3330000000000002
Model 4,11.5,0.4,0.2211388888888892
Model 4,12.0,0.4,0.3575277777777781
Model 4,13.0,0.4,0.5068611111111108
Model 4,13.5,0.4,0.5947777777777775
Model 4,14.0,0.4,0.6973888888888897
Model 4,14.5,0.4,0.5948611111111114
Model 4,15.0,0.4,0.4486944444444444
Model 4,8,0.6000000000000001,0.8524166666666648
Model 4,8.5,0.6000000000000001,0.5740833333333323
Model 4,9.0,0.6000000000000001,0.38641666666666635
Model 4,9.5,0.6000000000000001,0.4180555555555556
Model 4,10.5,0.6000000000000001,0.6435000000000008
Model 4,11.0,0.6000000000000001,0.7898611111111106
Model 4,11.5,0.6000000000000001,0.7926388888888892
Model 4,12.0,0.6000000000000001,0.800555555555554
Model 4,12.5,0.6000000000000001,0.6948333333333331
Model 4,13.0,0.6000000000000001,0.46938888888888947
Model 4,13.5,0.6000000000000001,0.2910277777777777
Model 4,14.0,0.6000000000000001,0.14016666666666666
Model 4,14.5,0.6000000000000001,0.13158333333333327
Model 4,8,0.8,0.6183333333333328
Model 4,8.5,0.8,1.025833333333333
Model 4,9.0,0.8,0.9726111111111099
Model 4,9.5,0.8,1.039388888888888
Model 4,10.0,0.8,0.88861111111111
Model 4,10.5,0.8,0.6997222222222231
Model 4,11.0,0.8,0.4948333333333329
Model 4,11.5,0.8,0.2751666666666668
Model 4,12.0,0.8,0.1729722222222223
Model 4,13.0,0.8,0.22152777777777777
Model 4,13.5,0.8,0.6566944444444441
Model 4,14.0,0.8,0.5425555555555555
Model 4,14.5,0.8,0.7027777777777784
Model 4,15.0,0.8,0.5289722222222217
Model 4,8,1.0,0.9612777777777782
Model 4,8.5,1.0,0.7690000000000006
Model 4,9.0,1.0,0.47972222222222216
Model 4,9.5,1.0,0.2904444444444443
Model 4,10.5,1.0,0.23119444444444434
Model 4,11.0,1.0,0.8100000000000002
Model 4,11.5,1.0,0.6960277777777772
Model 4,12.0,1.0,0.9030833333333335
Model 4,12.5,1.0,0.7280555555555559
Model 4,13.0,1.0,0.629194444444445
Model 4,13.5,1.0,0.407916666666666
Model 4,14.0,1.0,0.1664722222222221
Model 4,14.5,1.0,0.09436111111111119
Model 4,8,1.2,0.10074999999999994
Model 4,8.5,1.2,0.9108055555555559
Model 4,9.0,1.2,0.9054722222222221
Model 4,9.5,1.2,1.0907222222222221
Model 4,10.0,1.2,0.9719444444444452
Model 4,10.5,1.2,0.8347222222222225
Model 4,11.0,1.2,0.6524722222222213
Model 4,11.5,1.2,0.3547222222222223
Model 4,12.0,1.2,0.2191111111111112
Model 4,12.5,1.2,0.35441666666666677
Model 4,13.5,1.2,0.5306944444444442
Model 4,14.0,1.2,0.6132499999999991
Model 4,14.5,1.2,0.6913611111111109
Model 4,15.0,1.2,0.6252499999999996
Model 4,8,1.4,1.0557777777777764
Model 4,8.5,1.4,0.8760000000000008
Model 4,9.0,1.4,0.608888888888889
Model 4,9.5,1.4,0.40158333333333335
Model 4,10.0,1.4,0.41394444444444467
Model 4,11.0,1.4,0.6035000000000005
Model 4,11.5,1.4,0.781388888888889
Model 4,12.0,1.4,0.8122222222222231
Model 4,12.5,1.4,0.849638888888889
Model 4,13.0,1.4,0.7067777777777773
Model 4,13.5,1.4,0.4865833333333332
Model 4,14.0,1.4,0.30419444444444443
Model 4,14.5,1.4,0.12922222222222218
Model 4,15.0,1.4,0.11261111111111115
Model 4,8.5,1.5999999999999999,0.5529999999999997
Model 4,9.0,1.5999999999999999,1.0154444444444441
Model 4,9.5,1.5999999999999999,0.9844166666666656
Model 4,10.0,1.5999999999999999,1.0667500000000005
Model 4,10.5,1.5999999999999999,0.9198611111111111
Model 4,11.0,1.5999999999999999,0.7466388888888883
Model 4,11.5,1.5999999999999999,0.5218055555555554
Model 4,12.0,1.5999999999999999,0.28716666666666657
Model 4,12.5,1.5999999999999999,0.16450000000000004
Model 4,13.5,1.5999999999999999,0.2084722222222223
Model 4,14.0,1.5999999999999999,0.671388888888889
Model 4,14.5,1.5999999999999999,0.5602777777777774
Model 4,15.0,1.5999999999999999,0.7032222222222219
Model 4,8,1.7999999999999998,1.1171666666666669
Model 4,8.5,1.7999999999999998,0.9805555555555562
Model 4,9.0,1.7999999999999998,0.7966388888888885
Model 4,9.5,1.7999999999999998,0.4809166666666669
Model 4,10.0,1.7999999999999998,0.2911944444444443
Model 4,11.0,1.7999999999999998,0.17727777777777767
Model 4,11.5,1.7999999999999998,0.7966944444444438
Model 4,12.0,1.7999999999999998,0.7039444444444444
Model 4,12.5,1.7999999999999998,0.9104722222222219
Model 4,13.0,1.7999999999999998,0.7538611111111118
Model 4,13.5,1.7999999999999998,0.6488333333333333
Model 4,14.0,1.7999999999999998,0.4249444444444446
Model 4,14.5,1.7999999999999998,0.17322222222222225
Model 4,15.0,1.7999999999999998,0.09780555555555556
Model 4,8.5,1.9999999999999998,0.04263888888888887
Model 4,9.0,1.9999999999999998,0.9086944444444439
Model 4,9.5,1.9999999999999998,0.9506111111111096
Model 4,10.0,1.9999999999999998,1.1056388888888897
Model 4,10.5,1.9999999999999998,0.9969722222222218
Model 4,11.0,1.9999999999999998,0.84411111111111
Model 4,11.5,1.9999999999999998,0.672972222222223
Model 4,12.0,1.9999999999999998,0.37516666666666676
Model 4,12.5,1.9999999999999998,0.20488888888888884
Model 4,13.0,1.9999999999999998,0.3056944444444444
Model 4,14.0,1.9999999999999998,0.5141666666666668
Model 4,14.5,1.9999999999999998,0.6234166666666665
Model 4,15.0,1.9999999999999998,0.6423055555555559
Model 4,8,2.1999999999999997,1.2285833333333311
Model 4,8.5,2.1999999999999997,1.09372222222222
Model 4,9.0,2.1999999999999997,0.8903333333333336
Model 4,9.5,2.1999999999999997,0.6301666666666671
Model 4,10.0,2.1999999999999997,0.4036944444444444
Model 4,10.5,2.1999999999999997,0.41661111111111143
Model 4,11.5,2.1999999999999997,0.5349166666666666
Model 4,12.0,2.1999999999999997,0.8426944444444446
Model 4,12.5,2.1999999999999997,0.8136666666666676
Model 4,13.0,2.1999999999999997,0.8754444444444451
Model 4,13.5,2.1999999999999997,0.7043611111111107
Model 4,14.0,2.1999999999999997,0.490638888888889
Model 4,14.5,2.1999999999999997,0.30955555555555553
Model 4,15.0,2.1999999999999997,0.12347222222222222
Model 4,8,2.4,0.5155833333333334
Model 4,9.0,2.4,0.49516666666666664
Model 4,9.5,2.4,1.0334444444444442
Model 4,10.0,2.4,0.9518055555555553
Model 4,10.5,2.4,1.1011111111111116
Model 4,11.0,2.4,0.9312777777777779
Model 4,11.5,2.4,0.7756388888888879
Model 4,12.0,2.4,0.5379722222222222
Model 4,12.5,2.4,0.2901111111111112
Model 4,13.0,2.4,0.14425000000000002
Model 4,14.0,2.4,0.18311111111111109
Model 4,14.5,2.4,0.6561111111111106
Model 4,15.0,2.4,0.5395555555555561
Model 4,8,2.6,1.3214444444444433
Model 4,8.5,2.6,1.1291388888888896
Model 4,9.0,2.6,1.024138888888889
Model 4,9.5,2.6,0.7925555555555557
Model 4,10.0,2.6,0.46741666666666654
Model 4,10.5,2.6,0.29066666666666663
Model 4,11.5,2.6,0.12308333333333324
Model 4,12.0,2.6,0.7593055555555556
Model 4,12.5,2.6,0.7130277777777774
Model 4,13.0,2.6,0.9290277777777775
Model 4,13.5,2.6,0.7698611111111106
Model 4,14.0,2.6,0.6385000000000002
Model 4,14.5,2.6,0.4157500000000001
Model 4,15.0,2.6,0.17580555555555546
Model 4,8,2.8000000000000003,0.5596388888888891
Model 4,8.5,2.8000000000000003,0.7277500000000001
Model 4,9.5,2.8000000000000003,0.9014444444444444
Model 4,10.0,2.8000000000000003,1.0005555555555545
Model 4,10.5,2.8000000000000003,1.1205555555555555
Model 4,11.0,2.8000000000000003,1.014249999999999
Model 4,11.5,2.8000000000000003,0.8521944444444443
Model 4,12.0,2.8000000000000003,0.6741944444444449
Model 4,12.5,2.8000000000000003,0.37958333333333333
Model 4,13.0,2.8000000000000003,0.2057777777777777
Model 4,13.5,2.8000000000000003,0.2516666666666666
Model 4,14.5,2.8000000000000003,0.4588333333333332
Model 4,15.0,2.8000000000000003,0.6180277777777783
