Model 1,8,0,0.9248888888888883
Model 1,8.5,0,0.8277499999999993
Model 1,9.0,0,0.633388888888889
Model 1,9.5,0,0.3523055555555555
Model 1,10.0,0,0.2536388888888888
Model 1,11.0,0,0.020638888888888884
Model 1,11.5,0,0.5483055555555555
Model 1,12.0,0,0.5699166666666665
Model 1,12.5,0,0.7192500000000003
Model 1,13.0,0,0.6099166666666667
Model 1,13.5,0,0.49058333333333365
Model 1,14.0,0,0.32922222222222225
Model 1,14.5,0,0.1508333333333334
Model 1,15.0,0,0.06341666666666665
Model 1,8,0.2,0.5204166666666665
Model 1,9.0,0.2,0.7223611111111105
Model 1,9.5,0.2,0.8106666666666671
Model 1,10.0,0.2,0.8572499999999997
Model 1,10.5,0.2,0.8288333333333334
Model 1,11.0,0.2,0.6984166666666667
Model 1,11.5,0.2,0.5176388888888886
Model 1,12.0,0.2,0.3123611111111108
Model 1,12.5,0.2,0.17388888888888895
Model 1,13.0,0.2,0.18741666666666673
Model 1,14.0,0.2,0.2882222222222218
Model 1,14.5,0.2,0.4968888888888884
Model 1,15.0,0.2,0.469333333333333
Model 1,8,0.4,1.032861111111111
Model 1,8.5,0.4,0.8928611111111114
Model 1,9.0,0.4,0.7145833333333343
Model 1,9.5,0.4,0.515361111111111
Model 1,10.0,0.4,0.30444444444444463
Model 1,10.5,0.4,0.24433333333333343
Model 1,11.5,0.4,0.30125000000000013
Model 1,12.0,0.4,0.6576111111111103
Model 1,12.5,0.4,0.5978888888888887
Model 1,13.0,0.4,0.7245277777777762
Model 1,13.5,0.4,0.5566666666666659
Model 1,14.0,0.4,0.42897222222222225
Model 1,14.5,0.4,0.2667777777777779
Model 1,15.0,0.4,0.10713888888888888
Model 1,8,0.6000000000000001,0.3442222222222221
Model 1,9.0,0.6000000000000001,0.2881666666666667
Model 1,9.5,0.6000000000000001,0.8640833333333339
Model 1,10.0,0.6000000000000001,0.7538611111111106
Model 1,10.5,0.6000000000000001,0.9151388888888885
Model 1,11.0,0.6000000000000001,0.7448888888888884
Model 1,11.5,0.6000000000000001,0.6325555555555559
Model 1,12.0,0.6000000000000001,0.4502222222222224
Model 1,12.5,0.6000000000000001,0.21919444444444441
Model 1,13.0,0.6000000000000001,0.0998888888888889
Model 1,14.0,0.6000000000000001,0.059222222222222225
Model 1,14.5,0.6000000000000001,0.45127777777777756
Model 1,15.0,0.6000000000000001,0.3950277777777779
Model 1,8,0.8,1.0913888888888887
Model 1,8.5,0.8,0.9587222222222219
Model 1,9.0,0.8,0.8542777777777776
Model 1,9.5,0.8,0.6699444444444441
Model 1,10.0,0.8,0.37497222222222193
Model 1,10.5,0.8,0.27427777777777806
Model 1,11.0,0.8,0.4238055555555558
Model 1,12.0,0.8,0.5582499999999997
Model 1,12.5,0.8,0.6308611111111115
Model 1,13.0,0.8,0.7563888888888896
Model 1,13.5,0.8,0.6455000000000005
Model 1,14.0,0.8,0.5172499999999999
Model 1,14.5,0.8,0.34663888888888916
Model 1,15.0,0.8,0.16308333333333344
Model 1,8,1.0,0.4418611111111109
Model 1,8.5,1.0,0.4810833333333337
Model 1,9.5,1.0,0.7136111111111114
Model 1,10.0,1.0,0.8379999999999994
Model 1,10.5,1.0,0.8540000000000002
Model 1,11.0,1.0,0.8513888888888881
Model 1,11.5,1.0,0.7364999999999994
Model 1,12.0,1.0,0.5427222222222221
Model 1,12.5,1.0,0.32902777777777786
Model 1,13.0,1.0,0.178222222222222
Model 1,13.5,1.0,0.17622222222222214
Model 1,14.5,1.0,0.2682499999999999
Model 1,15.0,1.0,0.5224166666666673
Model 1,8,1.2,1.0011944444444438
Model 1,8.5,1.2,1.0666944444444435
Model 1,9.0,1.2,0.9191944444444438
Model 1,9.5,1.2,0.7382777777777784
Model 1,10.0,1.2,0.5451666666666665
Model 1,10.5,1.2,0.3187500000000002
Model 1,11.0,1.2,0.2156944444444444
Model 1,12.0,1.2,0.2700277777777778
Model 1,12.5,1.2,0.7115833333333328
Model 1,13.0,1.2,0.5801111111111106
Model 1,13.5,1.2,0.7452777777777775
Model 1,14.0,1.2,0.5739722222222224
Model 1,14.5,1.2,0.44899999999999973
Model 1,15.0,1.2,0.28550000000000025
Model 1,8,1.4,0.5236388888888891
Model 1,8.5,1.4,0.34044444444444416
Model 1,9.5,1.4,0.24927777777777768
Model 1,10.0,1.4,0.8670555555555554
Model 1,10.5,1.4,0.7628611111111109
Model 1,11.0,1.4,0.9355
Model 1,11.5,1.4,0.7682222222222219
Model 1,12.0,1.4,0.6686388888888892
Model 1,12.5,1.4,0.46016666666666634
Model 1,13.0,1.4,0.2207499999999999
Model 1,13.5,1.4,0.1122222222222223
Model 1,14.5,1.4,0.04074999999999999
Model 1,15.0,1.4,0.4250833333333333
Model 1,8,1.5999999999999999,0.9333611111111114
Model 1,8.5,1.5999999999999999,1.1176111111111102
Model 1,9.0,1.5999999999999999,0.9825000000000013
Model 1,9.5,1.5999999999999999,0.8725555555555558
Model 1,10.0,1.5999999999999999,0.6956388888888885
Model 1,10.5,1.5999999999999999,0.4025000000000006
Model 1,11.0,1.5999999999999999,0.27338888888888907
Model 1,11.5,1.5999999999999999,0.41805555555555535
Model 1,12.5,1.5999999999999999,0.5960833333333334
Model 1,13.0,1.5999999999999999,0.6466666666666662
Model 1,13.5,1.5999999999999999,0.7386388888888885
Model 1,14.0,1.5999999999999999,0.6598055555555558
Model 1,14.5,1.5999999999999999,0.5295277777777775
Model 1,15.0,1.5999999999999999,0.3495277777777778
Model 1,8,1.7999999999999998,0.6511388888888888
Model 1,8.5,1.7999999999999998,0.4624999999999999
Model 1,9.0,1.7999999999999998,0.4643333333333332
Model 1,10.0,1.7999999999999998,0.6730833333333336
Model 1,10.5,1.7999999999999998,0.8564444444444451
Model 1,11.0,1.7999999999999998,0.8431666666666672
Model 1,11.5,1.7999999999999998,0.863527777777777
Model 1,12.0,1.7999999999999998,0.7405833333333327
Model 1,12.5,1.7999999999999998,0.5361388888888895
Model 1,13.0,1.7999999999999998,0.34058333333333324
Model 1,13.5,1.7999999999999998,0.17291666666666658
Model 1,14.0,1.7999999999999998,0.1521388888888888
Model 1,15.0,1.7999999999999998,0.2215277777777778
Model 1,8,1.9999999999999998,1.0403055555555558
Model 1,8.5,1.9999999999999998,1.017166666666666
Model 1,9.0,1.9999999999999998,1.0772222222222212
Model 1,9.5,1.9999999999999998,0.9410277777777765
Model 1,10.0,1.9999999999999998,0.7743055555555546
Model 1,10.5,1.9999999999999998,0.567611111111111
Model 1,11.0,1.9999999999999998,0.32625
Model 1,11.5,1.9999999999999998,0.19322222222222235
Model 1,12.5,1.9999999999999998,0.2499444444444444
Model 1,13.0,1.9999999999999998,0.706666666666667
Model 1,13.5,1.9999999999999998,0.5896944444444443
Model 1,14.0,1.9999999999999998,0.7553888888888889
Model 1,14.5,1.9999999999999998,0.5816388888888883
Model 1,15.0,1.9999999999999998,0.4441944444444448
Model 1,8,2.1999999999999997,0.8393333333333333
Model 1,8.5,2.1999999999999997,0.5324166666666665
Model 1,9.0,2.1999999999999997,0.334
Model 1,10.0,2.1999999999999997,0.18980555555555562
Model 1,10.5,2.1999999999999997,0.8485833333333332
Model 1,11.0,2.1999999999999997,0.7315555555555555
Model 1,11.5,2.1999999999999997,0.9440277777777772
Model 1,12.0,2.1999999999999997,0.7943055555555562
Model 1,12.5,2.1999999999999997,0.6821944444444442
Model 1,13.0,2.1999999999999997,0.47036111111111123
Model 1,13.5,2.1999999999999997,0.21016666666666667
Model 1,14.0,2.1999999999999997,0.12630555555555553
Model 1,15.0,2.1999999999999997,0.014333333333333335
Model 1,8,2.4,0.9329999999999995
Model 1,8.5,2.4,0.9598888888888885
Model 1,9.0,2.4,1.1196111111111118
Model 1,9.5,2.4,1.0108055555555553
Model 1,10.0,2.4,0.8846111111111101
Model 1,10.5,2.4,0.7085555555555555
Model 1,11.0,2.4,0.4226944444444444
Model 1,11.5,2.4,0.24963888888888888
Model 1,12.0,2.4,0.36155555555555546
Model 1,13.0,2.4,0.5619722222222222
Model 1,13.5,2.4,0.6578333333333324
Model 1,14.0,2.4,0.7097500000000004
Model 1,14.5,2.4,0.6816111111111115
Model 1,15.0,2.4,0.5366388888888888
Model 1,8,2.6,0.9138888888888892
Model 1,8.5,2.6,0.6646388888888897
Model 1,9.0,2.6,0.4681388888888888
Model 1,9.5,2.6,0.4659444444444446
Model 1,10.5,2.6,0.5968888888888889
Model 1,11.0,2.6,0.8566944444444444
Model 1,11.5,2.6,0.8476944444444444
Model 1,12.0,2.6,0.892361111111112
Model 1,12.5,2.6,0.746111111111111
Model 1,13.0,2.6,0.5423333333333332
Model 1,13.5,2.6,0.3421944444444443
Model 1,14.0,2.6,0.15874999999999995
Model 1,14.5,2.6,0.12119444444444438
Model 1,8,2.8000000000000003,0.5451944444444445
Model 1,8.5,2.8000000000000003,1.0442777777777772
Model 1,9.0,2.8000000000000003,0.9898333333333322
Model 1,9.5,2.8000000000000003,1.1225555555555555
Model 1,10.0,2.8000000000000003,0.9510833333333335
Model 1,10.5,2.8000000000000003,0.8022499999999994
Model 1,11.0,2.8000000000000003,0.5902499999999996
Model 1,11.5,2.8000000000000003,0.32727777777777783
Model 1,12.0,2.8000000000000003,0.1765
Model 1,13.0,2.8000000000000003,0.21311111111111125
Model 1,13.5,2.8000000000000003,0.7066388888888883
Model 1,14.0,2.8000000000000003,0.5808611111111109
Model 1,14.5,2.8000000000000003,0.7579722222222224
Model 1,15.0,2.8000000000000003,0.5771944444444442
Model 2,8,0,3.4261666666666657
Model 2,8.5,0,2.913861111111111
Model 2,9.0,0,2.386666666666667
Model 2,9.5,0,1.7667499999999996
Model 2,10.0,0,0.9678333333333339
Model 2,10.5,0,0.48855555555555585
Model 2,11.5,0,0.6722499999999993
Model 2,12.0,0,2.176083333333331
Model 2,12.5,0,1.8148888888888894
Model 2,13.0,0,2.362944444444442
Model 2,13.5,0,1.8138055555555552
Model 2,14.0,0,1.4261111111111122
Model 2,14.5,0,0.8457222222222222
Model 2,15.0,0,0.1350277777777778
Model 2,8,0.2,1.0573055555555557
Model 2,9.0,0.2,0.5935277777777765
Model 2,9.5,0.2,2.613749999999999
Model 2,10.0,0.2,2.3769444444444403
Model 2,10.5,0.2,2.9556388888888883
Model 2,11.0,0.2,2.475749999999999
Model 2,11.5,0.2,2.1294444444444434
Model 2,12.0,0.2,1.4913611111111091
Model 2,12.5,0.2,0.5764444444444443
Model 2,13.0,0.2,0.2104722222222223
Model 2,14.0,0.2,0.029444444444444447
Model 2,14.5,0.2,1.2038333333333335
Model 2,15.0,0.2,1.320083333333332
Model 2,8,0.4,3.5184722222222216
Model 2,8.5,0.4,3.1672499999999992
Model 2,9.0,0.4,2.770611111111107
Model 2,9.5,0.4,2.198749999999997
Model 2,10.0,0.4,1.3255
Model 2,10.5,0.4,0.7900277777777779
Model 2,11.0,0.4,1.1023333333333332
Model 2,12.0,0.4,1.7043611111111119
Model 2,12.5,0.4,2.077749999999998
Model 2,13.0,0.4,2.2489722222222217
Model 2,13.5,0.4,2.1426666666666656
Model 2,14.0,0.4,1.7158611111111106
Model 2,14.5,0.4,1.129333333333333
Model 2,15.0,0.4,0.4206388888888887
Model 2,8,0.6000000000000001,1.468000000000003
Model 2,8.5,0.6000000000000001,1.4083055555555557
Model 2,9.5,0.6000000000000001,1.885722222222219
Model 2,10.0,0.6000000000000001,2.729583333333332
Model 2,10.5,0.6000000000000001,2.644305555555559
Model 2,11.0,0.6000000000000001,2.808777777777776
Model 2,11.5,0.6000000000000001,2.361111111111109
Model 2,12.0,0.6000000000000001,1.7671944444444432
Model 2,12.5,0.6000000000000001,1.1177222222222227
Model 2,13.0,0.6000000000000001,0.390416666666667
Model 2,13.5,0.6000000000000001,0.24491666666666667
Model 2,14.5,0.6000000000000001,0.5008055555555556
Model 2,15.0,0.6000000000000001,1.608222222222221
Model 2,8,0.8,3.1336666666666653
Model 2,8.5,0.8,3.4980833333333314
Model 2,9.0,0.8,2.987861111111109
Model 2,9.5,0.8,2.513583333333332
Model 2,10.0,0.8,1.895138888888887
Model 2,10.5,0.8,1.0656666666666665
Model 2,11.0,0.8,0.5019444444444447
Model 2,12.0,0.8,0.6235555555555553
Model 2,12.5,0.8,2.1941944444444434
Model 2,13.0,0.8,1.8807222222222213
Model 2,13.5,0.8,2.4322777777777778
Model 2,14.0,0.8,1.9012777777777752
Model 2,14.5,0.8,1.5131388888888884
Model 2,15.0,0.8,0.9364722222222222
Model 2,8,1.0,1.7357500000000008
Model 2,8.5,1.0,1.1559166666666678
Model 2,9.5,1.0,0.44794444444444387
Model 2,10.0,1.0,2.5797222222222196
Model 2,10.5,1.0,2.4172222222222195
Model 2,11.0,1.0,3.0078611111111098
Model 2,11.5,1.0,2.5762777777777752
Model 2,12.0,1.0,2.219166666666668
Model 2,12.5,1.0,1.5971666666666664
Model 2,13.0,1.0,0.645805555555556
Model 2,13.5,1.0,0.2655
Model 2,14.5,1.0,0.0056944444444444456
Model 2,15.0,1.0,1.2207777777777782
Model 2,8,1.2,3.1648333333333323
Model 2,8.5,1.2,3.5431388888888837
Model 2,9.0,1.2,3.263277777777778
Model 2,9.5,1.2,2.849722222222216
Model 2,10.0,1.2,2.2848333333333324
Model 2,10.5,1.2,1.4656388888888896
Model 2,11.0,1.2,0.8490277777777773
Model 2,11.5,1.2,1.025749999999999
Model 2,12.5,1.2,1.6537499999999987
Model 2,13.0,1.2,2.170638888888885
Model 2,13.5,1.2,2.229999999999997
Model 2,14.0,1.2,2.2485833333333316
Model 2,14.5,1.2,1.8133611111111116
Model 2,15.0,1.2,1.2056666666666658
Model 2,8,1.4,2.2172500000000013
Model 2,8.5,1.4,1.5621944444444429
Model 2,9.0,1.4,1.446916666666667
Model 2,10.0,1.4,1.734861111111111
Model 2,10.5,1.4,2.7913611111111125
Model 2,11.0,1.4,2.6843611111111083
Model 2,11.5,1.4,2.927972222222221
Model 2,12.0,1.4,2.4336388888888894
Model 2,12.5,1.4,1.878027777777777
Model 2,13.0,1.4,1.2275277777777767
Model 2,13.5,1.4,0.4185555555555557
Model 2,14.0,1.4,0.1927222222222222
Model 2,15.0,1.4,0.46294444444444394
Model 2,8,1.5999999999999999,3.390944444444442
Model 2,8.5,1.5999999999999999,3.122916666666665
Model 2,9.0,1.5999999999999999,3.6074722222222233
Model 2,9.5,1.5999999999999999,3.0539722222222214
Model 2,10.0,1.5999999999999999,2.6428611111111064
Model 2,10.5,1.5999999999999999,2.031083333333332
Model 2,11.0,1.5999999999999999,1.1611944444444442
Model 2,11.5,1.5999999999999999,0.5210833333333342
Model 2,12.5,1.5999999999999999,0.5444444444444438
Model 2,13.0,1.5999999999999999,2.2210833333333313
Model 2,13.5,1.5999999999999999,1.931527777777774
Model 2,14.0,1.5999999999999999,2.4946388888888884
Model 2,14.5,1.5999999999999999,1.9821388888888871
Model 2,15.0,1.5999999999999999,1.6188055555555552
Model 2,8,1.7999999999999998,2.7198055555555563
Model 2,8.5,1.7999999999999998,1.8135833333333322
Model 2,9.0,1.7999999999999998,1.2742777777777772
Model 2,10.0,1.7999999999999998,0.30924999999999947
Model 2,10.5,1.7999999999999998,2.535499999999996
Model 2,11.0,1.7999999999999998,2.525916666666667
Model 2,11.5,1.7999999999999998,3.061361111111109
Model 2,12.0,1.7999999999999998,2.6759722222222204
Model 2,12.5,1.7999999999999998,2.297555555555553
Model 2,13.0,1.7999999999999998,1.704499999999999
Model 2,13.5,1.7999999999999998,0.7365277777777786
Model 2,14.0,1.7999999999999998,0.2822777777777779
Model 2,14.5,1.7999999999999998,0.707
Model 2,8,1.9999999999999998,2.976999999999997
Model 2,8.5,1.9999999999999998,3.30683333333334
Model 2,9.0,1.9999999999999998,3.5905277777777806
Model 2,9.5,1.9999999999999998,3.3701111111111146
Model 2,10.0,1.9999999999999998,2.9413333333333367
Model 2,10.5,1.9999999999999998,2.3663888888888884
Model 2,11.0,1.9999999999999998,1.584361111111112
Model 2,11.5,1.9999999999999998,0.9245555555555557
Model 2,12.0,1.9999999999999998,0.9515555555555563
Model 2,13.0,1.9999999999999998,1.5814444444444442
Model 2,13.5,1.9999999999999998,2.2541388888888867
Model 2,14.0,1.9999999999999998,2.231666666666667
Model 2,14.5,1.9999999999999998,2.331861111111112
Model 2,15.0,1.9999999999999998,1.9079722222222217
Model 2,8,2.1999999999999997,3.012305555555556
Model 2,8.5,2.1999999999999997,2.321444444444443
Model 2,9.0,2.1999999999999997,1.6435555555555554
Model 2,9.5,2.1999999999999997,1.4445277777777776
Model 2,10.5,2.1999999999999997,1.6048888888888881
Model 2,11.0,2.1999999999999997,2.87486111111111
Model 2,11.5,2.1999999999999997,2.7130555555555533
Model 2,12.0,2.1999999999999997,3.024222222222221
Model 2,12.5,2.1999999999999997,2.510944444444443
Model 2,13.0,2.1999999999999997,1.9828333333333332
Model 2,13.5,2.1999999999999997,1.3360833333333322
Model 2,14.0,2.1999999999999997,0.45519444444444435
Model 2,14.5,2.1999999999999997,0.11272222222222224
Model 2,8,2.4,1.437361111111109
Model 2,8.5,2.4,3.4943055555555547
Model 2,9.0,2.4,3.1337777777777744
Model 2,9.5,2.4,3.6809444444444424
Model 2,10.0,2.4,3.131194444444446
Model 2,10.5,2.4,2.742416666666667
Model 2,11.0,2.4,2.1612500000000012
Model 2,11.5,2.4,1.2373888888888893
Model 2,12.0,2.4,0.5196111111111116
Model 2,13.0,2.4,0.4470277777777772
Model 2,13.5,2.4,2.2142499999999994
Model 2,14.0,2.4,1.9760833333333314
Model 2,14.5,2.4,2.553777777777774
Model 2,15.0,2.4,2.0730277777777757
Model 2,8,2.6,3.4463055555555573
Model 2,8.5,2.6,2.80822222222222
Model 2,9.0,2.6,1.8886944444444422
Model 2,9.5,2.6,1.404416666666668
Model 2,10.5,2.6,0.18727777777777757
Model 2,11.0,2.6,2.52436111111111
Model 2,11.5,2.6,2.6359166666666622
Model 2,12.0,2.6,3.1174722222222213
Model 2,12.5,2.6,2.7641388888888896
Model 2,13.0,2.6,2.3682777777777777
Model 2,13.5,2.6,1.7959166666666657
Model 2,14.0,2.6,0.8333888888888885
Model 2,14.5,2.6,0.26544444444444454
Model 2,15.0,2.6,0.6353055555555552
Model 2,8.5,2.8000000000000003,3.024416666666666
Model 2,9.0,2.8000000000000003,3.3941666666666688
Model 2,9.5,2.8000000000000003,3.570888888888889
Model 2,10.0,2.8000000000000003,3.4590555555555524
Model 2,10.5,2.8000000000000003,3.032361111111113
Model 2,11.0,2.8000000000000003,2.4456944444444404
Model 2,11.5,2.8000000000000003,1.7020833333333345
Model 2,12.0,2.8000000000000003,1.0199444444444432
Model 2,12.5,2.8000000000000003,0.9059444444444444
Model 2,13.5,2.8000000000000003,1.4916111111111103
Model 2,14.0,2.8000000000000003,2.3282499999999975
Model 2,14.5,2.8000000000000003,2.243416666666665
Model 2,15.0,2.8000000000000003,2.406194444444442
Model 3,8,0,0.9551388888888885
Model 3,8.5,0,0.8316388888888887
Model 3,9.0,0,0.6659166666666666
Model 3,9.5,0,0.43980555555555567
Model 3,10.0,0,0.27780555555555536
Model 3,10.5,0,0.28813888888888894
Model 3,11.5,0,0.46341666666666664
Model 3,12.0,0,0.6289722222222222
Model 3,12.5,0,0.6134444444444447
Model 3,13.0,0,0.6289999999999994
Model 3,13.5,0,0.5153888888888886
Model 3,14.0,0,0.3300555555555553
Model 3,14.5,0,0.1900555555555556
Model 3,15.0,0,0.0775
Model 3,8,0.2,0.40791666666666654
Model 3,9.0,0.2,0.4424722222222223
Model 3,9.5,0.2,0.8095000000000012
Model 3,10.0,0.2,0.7794166666666672
Model 3,10.5,0.2,0.8366944444444445
Model 3,11.0,0.2,0.7041388888888893
Model 3,11.5,0.2,0.5467499999999992
Model 3,12.0,0.2,0.3750000000000001
Model 3,12.5,0.2,0.18408333333333338
Model 3,13.0,0.2,0.09247222222222222
Model 3,14.0,0.2,0.15619444444444455
Model 3,14.5,0.2,0.5048611111111115
Model 3,15.0,0.2,0.39658333333333345
Model 3,8,0.4,1.0555277777777778
Model 3,8.5,0.4,0.888277777777777
Model 3,9.0,0.4,0.7680555555555548
Model 3,9.5,0.4,0.6135833333333331
Model 3,10.0,0.4,0.3444444444444444
Model 3,10.5,0.4,0.18291666666666687
Model 3,11.5,0.4,0.12825000000000006
Model 3,12.0,0.4,0.6241388888888888
Model 3,12.5,0.4,0.5212499999999995
Model 3,13.0,0.4,0.7123611111111113
Model 3,13.5,0.4,0.5693055555555558
Model 3,14.0,0.4,0.4733888888888889
Model 3,14.5,0.4,0.28766666666666685
Model 3,15.0,0.4,0.1070555555555556
Model 3,8,0.6000000000000001,0.4039166666666667
Model 3,9.0,0.6000000000000001,0.027027777777777772
Model 3,9.5,0.6000000000000001,0.7117777777777778
Model 3,10.0,0.6000000000000001,0.7341111111111109
Model 3,10.5,0.6000000000000001,0.8860833333333331
Model 3,11.0,0.6000000000000001,0.7724166666666664
Model 3,11.5,0.6000000000000001,0.6547222222222222
Model 3,12.0,0.6000000000000001,0.4923611111111108
Model 3,12.5,0.6000000000000001,0.26233333333333336
Model 3,13.0,0.6000000000000001,0.13613888888888886
Model 3,13.5,0.6000000000000001,0.21902777777777774
Model 3,14.5,0.6000000000000001,0.3786666666666663
Model 3,15.0,0.6000000000000001,0.4693888888888885
Model 3,8,0.8,1.0174444444444442
Model 3,8.5,0.8,0.9948888888888884
Model 3,9.0,0.8,0.8656944444444451
Model 3,9.5,0.8,0.686194444444444
Model 3,10.0,0.8,0.46511111111111153
Model 3,10.5,0.8,0.2941666666666667
Model 3,11.0,0.8,0.30063888888888907
Model 3,12.0,0.8,0.41794444444444473
Model 3,12.5,0.8,0.6455277777777778
Model 3,13.0,0.8,0.6301944444444446
Model 3,13.5,0.8,0.6749444444444441
Model 3,14.0,0.8,0.5358611111111111
Model 3,14.5,0.8,0.3572222222222223
Model 3,15.0,0.8,0.2069444444444446
Model 3,8,1.0,0.458277777777778
Model 3,8.5,1.0,0.3853333333333333
Model 3,9.5,1.0,0.4069166666666671
Model 3,10.0,1.0,0.8192777777777782
Model 3,10.5,1.0,0.7629444444444446
Model 3,11.0,1.0,0.8905555555555548
Model 3,11.5,1.0,0.7198333333333329
Model 3,12.0,1.0,0.5935833333333334
Model 3,12.5,1.0,0.4066388888888888
Model 3,13.0,1.0,0.19747222222222216
Model 3,13.5,1.0,0.08800000000000004
Model 3,14.5,1.0,0.13944444444444445
Model 3,15.0,1.0,0.5151388888888887
Model 3,8,1.2,0.9162777777777779
Model 3,8.5,1.2,1.0765277777777778
Model 3,9.0,1.2,0.9116111111111108
Model 3,9.5,1.2,0.8003055555555555
Model 3,10.0,1.2,0.6183055555555559
Model 3,10.5,1.2,0.3509722222222227
Model 3,11.0,1.2,0.19686111111111107
Model 3,12.0,1.2,0.0876388888888889
Model 3,12.5,1.2,0.5986666666666672
Model 3,13.0,1.2,0.5461944444444445
Model 3,13.5,1.2,0.7296111111111113
Model 3,14.0,1.2,0.5987499999999998
Model 3,14.5,1.2,0.4889444444444444
Model 3,15.0,1.2,0.302
Model 3,8,1.4,0.5291944444444442
Model 3,8.5,1.4,0.42383333333333284
Model 3,9.0,1.4,0.5809999999999997
Model 3,10.0,1.4,0.7208333333333333
Model 3,10.5,1.4,0.7948055555555558
Model 3,11.0,1.4,0.9229722222222221
Model 3,11.5,1.4,0.8073888888888895
Model 3,12.0,1.4,0.6814444444444447
Model 3,12.5,1.4,0.5079166666666666
Model 3,13.0,1.4,0.27580555555555547
Model 3,13.5,1.4,0.1452500000000001
Model 3,14.0,1.4,0.18452777777777776
Model 3,15.0,1.4,0.3568055555555555
Model 3,8,1.5999999999999999,0.9990277777777794
Model 3,8.5,1.5999999999999999,1.0148888888888885
Model 3,9.0,1.5999999999999999,1.0168333333333333
Model 3,9.5,1.5999999999999999,0.9035277777777784
Model 3,10.0,1.5999999999999999,0.7115277777777775
Model 3,10.5,1.5999999999999999,0.4809444444444439
Model 3,11.0,1.5999999999999999,0.29575000000000007
Model 3,11.5,1.5999999999999999,0.2855555555555555
Model 3,12.5,1.5999999999999999,0.38386111111111126
Model 3,13.0,1.5999999999999999,0.6702777777777779
Model 3,13.5,1.5999999999999999,0.6302222222222226
Model 3,14.0,1.5999999999999999,0.6991666666666659
Model 3,14.5,1.5999999999999999,0.5509444444444445
Model 3,15.0,1.5999999999999999,0.3592222222222224
Model 3,8,1.7999999999999998,0.707388888888889
Model 3,8.5,1.7999999999999998,0.47002777777777754
Model 3,9.0,1.7999999999999998,0.3459444444444446
Model 3,10.0,1.7999999999999998,0.3641388888888887
Model 3,10.5,1.7999999999999998,0.8741944444444442
Model 3,11.0,1.7999999999999998,0.7446388888888887
Model 3,11.5,1.7999999999999998,0.9123888888888886
Model 3,12.0,1.7999999999999998,0.7369444444444443
Model 3,12.5,1.7999999999999998,0.6105833333333329
Model 3,13.0,1.7999999999999998,0.4339722222222225
Model 3,13.5,1.7999999999999998,0.19913888888888898
Model 3,14.0,1.7999999999999998,0.07800000000000004
Model 3,15.0,1.7999999999999998,0.1198333333333333
Model 3,8,1.9999999999999998,1.0283611111111104
Model 3,8.5,1.9999999999999998,0.9247777777777775
Model 3,9.0,1.9999999999999998,1.0952777777777778
Model 3,9.5,1.9999999999999998,0.934666666666666
Model 3,10.0,1.9999999999999998,0.8365555555555553
Model 3,10.5,1.9999999999999998,0.626972222222222
Model 3,11.0,1.9999999999999998,0.34736111111111134
Model 3,11.5,1.9999999999999998,0.20700000000000007
Model 3,12.5,1.9999999999999998,0.05802777777777776
Model 3,13.0,1.9999999999999998,0.5684722222222219
Model 3,13.5,1.9999999999999998,0.556777777777778
Model 3,14.0,1.9999999999999998,0.7435833333333337
Model 3,14.5,1.9999999999999998,0.6047777777777782
Model 3,15.0,1.9999999999999998,0.4841666666666666
Model 3,8,2.1999999999999997,0.8612777777777771
Model 3,8.5,2.1999999999999997,0.5563333333333328
Model 3,9.0,2.1999999999999997,0.41705555555555585
Model 3,9.5,2.1999999999999997,0.5684444444444448
Model 3,10.5,2.1999999999999997,0.7607500000000004
Model 3,11.0,2.1999999999999997,0.809083333333334
Model 3,11.5,2.1999999999999997,0.9045555555555561
Model 3,12.0,2.1999999999999997,0.8268888888888887
Model 3,12.5,2.1999999999999997,0.6914722222222219
Model 3,13.0,2.1999999999999997,0.5091111111111112
Model 3,13.5,2.1999999999999997,0.28511111111111115
Model 3,14.0,2.1999999999999997,0.15183333333333338
Model 3,14.5,2.1999999999999997,0.16788888888888903
Model 3,8,2.4,0.8251666666666664
Model 3,8.5,2.4,1.0150833333333322
Model 3,9.0,2.4,1.0061388888888891
Model 3,9.5,2.4,1.0251944444444447
Model 3,10.0,2.4,0.9078333333333332
Model 3,10.5,2.4,0.7028888888888891
Model 3,11.0,2.4,0.4889444444444448
Model 3,11.5,2.4,0.2825
Model 3,12.0,2.4,0.25005555555555564
Model 3,13.0,2.4,0.3236111111111109
Model 3,13.5,2.4,0.6638611111111111
Model 3,14.0,2.4,0.6286944444444443
Model 3,14.5,2.4,0.6896666666666665
Model 3,15.0,2.4,0.5477499999999998
Model 3,8,2.6,0.9381944444444444
Model 3,8.5,2.6,0.7270833333333336
Model 3,9.0,2.6,0.4747500000000004
Model 3,9.5,2.6,0.3186111111111111
Model 3,10.5,2.6,0.3306944444444443
Model 3,11.0,2.6,0.8683055555555556
Model 3,11.5,2.6,0.7540555555555554
Model 3,12.0,2.6,0.9204722222222225
Model 3,12.5,2.6,0.7443055555555562
Model 3,13.0,2.6,0.6064166666666665
Model 3,13.5,2.6,0.43388888888888894
Model 3,14.0,2.6,0.19055555555555545
Model 3,14.5,2.6,0.07047222222222224
Model 3,8,2.8000000000000003,0.23286111111111105
Model 3,8.5,2.8000000000000003,1.0071388888888888
Model 3,9.0,2.8000000000000003,0.8922499999999999
Model 3,9.5,2.8000000000000003,1.105305555555556
Model 3,10.0,2.8000000000000003,0.957416666666666
Model 3,10.5,2.8000000000000003,0.8467499999999997
Model 3,11.0,2.8000000000000003,0.6351944444444437
Model 3,11.5,2.8000000000000003,0.3302777777777778
Model 3,12.0,2.8000000000000003,0.22508333333333344
Model 3,13.0,2.8000000000000003,0.020861111111111105
Model 3,13.5,2.8000000000000003,0.5411111111111109
Model 3,14.0,2.8000000000000003,0.5657499999999996
Model 3,14.5,2.8000000000000003,0.7265277777777779
Model 3,15.0,2.8000000000000003,0.6086666666666667
Model 4,8,0,0.9398055555555546
Model 4,8.5,0,0.8361944444444439
Model 4,9.0,0,0.6435555555555554
Model 4,9.5,0,0.3555
Model 4,10.0,0,0.2597499999999999
Model 4,11.0,0,0.010694444444444444
Model 4,11.5,0,0.5514999999999999
Model 4,12.0,0,0.5833055555555561
Model 4,12.5,0,0.7295277777777773
Model 4,13.0,0,0.614027777777778
Model 4,13.5,0,0.494694444444445
Model 4,14.0,0,0.3312777777777776
Model 4,14.5,0,0.15325000000000005
Model 4,15.0,0,0.06391666666666664
Model 4,8,0.2,0.5150555555555553
Model 4,9.0,0.2,0.7179166666666668
Model 4,9.5,0.2,0.8167222222222218
Model 4,10.0,0.2,0.8591944444444443
Model 4,10.5,0.2,0.8351666666666676
Model 4,11.0,0.2,0.7083333333333334
Model 4,11.5,0.2,0.523222222222222
Model 4,12.0,0.2,0.3158333333333332
Model 4,12.5,0.2,0.17652777777777787
Model 4,13.0,0.2,0.18724999999999994
Model 4,14.0,0.2,0.28861111111111093
Model 4,14.5,0.2,0.5044444444444437
Model 4,15.0,0.2,0.4746111111111111
Model 4,8,0.4,1.0477777777777773
Model 4,8.5,0.4,0.8997777777777772
Model 4,9.0,0.4,0.7235833333333344
Model 4,9.5,0.4,0.5237777777777778
Model 4,10.0,0.4,0.30838888888888905
Model 4,10.5,0.4,0.23694444444444465
Model 4,11.5,0.4,0.2910000000000002
Model 4,12.0,0.4,0.668888888888889
Model 4,12.5,0.4,0.5862222222222221
Model 4,13.0,0.4,0.7302499999999992
Model 4,13.5,0.4,0.5591111111111106
Model 4,14.0,0.4,0.43288888888888893
Model 4,14.5,0.4,0.2702777777777781
Model 4,15.0,0.4,0.10849999999999999
Model 4,8,0.6000000000000001,0.34722222222222227
Model 4,9.0,0.6000000000000001,0.28194444444444444
Model 4,9.5,0.6000000000000001,0.8633055555555562
Model 4,10.0,0.6000000000000001,0.7566666666666663
Model 4,10.5,0.6000000000000001,0.9207500000000002
Model 4,11.0,0.6000000000000001,0.7496944444444446
Model 4,11.5,0.6000000000000001,0.6418333333333337
Model 4,12.0,0.6000000000000001,0.45224999999999976
Model 4,12.5,0.6000000000000001,0.22336111111111112
Model 4,13.0,0.6000000000000001,0.1057222222222222
Model 4,14.0,0.6000000000000001,0.05750000000000001
Model 4,14.5,0.6000000000000001,0.4488888888888886
Model 4,15.0,0.6000000000000001,0.4004166666666663
Model 4,8,0.8,1.104666666666667
Model 4,8.5,0.8,0.968722222222222
Model 4,9.0,0.8,0.858194444444445
Model 4,9.5,0.8,0.6739444444444439
Model 4,10.0,0.8,0.37961111111111107
Model 4,10.5,0.8,0.27655555555555583
Model 4,11.0,0.8,0.42547222222222225
Model 4,12.0,0.8,0.5672777777777773
Model 4,12.5,0.8,0.6381666666666667
Model 4,13.0,0.8,0.7611111111111116
Model 4,13.5,0.8,0.6508333333333339
Model 4,14.0,0.8,0.5236388888888888
Model 4,14.5,0.8,0.35052777777777794
Model 4,15.0,0.8,0.16475000000000006
Model 4,8,1.0,0.4476388888888884
Model 4,8.5,1.0,0.477277777777778
Model 4,9.5,1.0,0.7141388888888889
Model 4,10.0,1.0,0.8493333333333332
Model 4,10.5,1.0,0.8608333333333333
Model 4,11.0,1.0,0.8570555555555556
Model 4,11.5,1.0,0.7401666666666661
Model 4,12.0,1.0,0.5472500000000003
Model 4,12.5,1.0,0.33391666666666675
Model 4,13.0,1.0,0.17986111111111108
Model 4,13.5,1.0,0.1708055555555556
Model 4,14.5,1.0,0.26513888888888876
Model 4,15.0,1.0,0.5256111111111114
Model 4,8,1.2,1.008083333333333
Model 4,8.5,1.2,1.0740277777777776
Model 4,9.0,1.2,0.9258888888888872
Model 4,9.5,1.2,0.739888888888889
Model 4,10.0,1.2,0.5544166666666663
Model 4,10.5,1.2,0.3229999999999999
Model 4,11.0,1.2,0.21205555555555552
Model 4,12.0,1.2,0.26583333333333337
Model 4,12.5,1.2,0.7162777777777771
Model 4,13.0,1.2,0.5831944444444446
Model 4,13.5,1.2,0.7513333333333332
Model 4,14.0,1.2,0.5781944444444442
Model 4,14.5,1.2,0.4502777777777775
Model 4,15.0,1.2,0.28886111111111135
Model 4,8,1.4,0.5307777777777782
Model 4,8.5,1.4,0.34394444444444444
Model 4,9.5,1.4,0.2389444444444445
Model 4,10.0,1.4,0.8775555555555554
Model 4,10.5,1.4,0.7603888888888893
Model 4,11.0,1.4,0.9416388888888888
Model 4,11.5,1.4,0.7742222222222228
Model 4,12.0,1.4,0.6766388888888899
Model 4,12.5,1.4,0.4666666666666664
Model 4,13.0,1.4,0.22255555555555553
Model 4,13.5,1.4,0.1209722222222223
Model 4,14.5,1.4,0.039166666666666676
Model 4,15.0,1.4,0.4202777777777775
Model 4,8,1.5999999999999999,0.9444722222222226
Model 4,8.5,1.5999999999999999,1.1231388888888891
Model 4,9.0,1.5999999999999999,0.9924166666666668
Model 4,9.5,1.5999999999999999,0.8747777777777784
Model 4,10.0,1.5999999999999999,0.7043611111111107
Model 4,10.5,1.5999999999999999,0.4108333333333338
Model 4,11.0,1.5999999999999999,0.2745555555555556
Model 4,11.5,1.5999999999999999,0.41222222222222216
Model 4,12.5,1.5999999999999999,0.5952222222222225
Model 4,13.0,1.5999999999999999,0.6553888888888881
Model 4,13.5,1.5999999999999999,0.7384722222222222
Model 4,14.0,1.5999999999999999,0.6674444444444444
Model 4,14.5,1.5999999999999999,0.5337777777777774
Model 4,15.0,1.5999999999999999,0.3539722222222222
Model 4,8,1.7999999999999998,0.6588333333333325
Model 4,8.5,1.7999999999999998,0.4678333333333337
Model 4,9.0,1.7999999999999998,0.47408333333333336
Model 4,10.0,1.7999999999999998,0.6688055555555555
Model 4,10.5,1.7999999999999998,0.8603611111111109
Model 4,11.0,1.7999999999999998,0.8485833333333337
Model 4,11.5,1.7999999999999998,0.8754444444444448
Model 4,12.0,1.7999999999999998,0.7484722222222224
Model 4,12.5,1.7999999999999998,0.5404444444444443
Model 4,13.0,1.7999999999999998,0.3455833333333335
Model 4,13.5,1.7999999999999998,0.1750277777777777
Model 4,14.0,1.7999999999999998,0.14463888888888887
Model 4,15.0,1.7999999999999998,0.2187777777777777
Model 4,8,1.9999999999999998,1.0441111111111103
Model 4,8.5,1.9999999999999998,1.0148611111111103
Model 4,9.0,1.9999999999999998,1.0897499999999998
Model 4,9.5,1.9999999999999998,0.9474444444444444
Model 4,10.0,1.9999999999999998,0.7919722222222213
Model 4,10.5,1.9999999999999998,0.5756111111111105
Model 4,11.0,1.9999999999999998,0.32922222222222247
Model 4,11.5,1.9999999999999998,0.1946666666666667
Model 4,12.5,1.9999999999999998,0.24136111111111117
Model 4,13.0,1.9999999999999998,0.7105833333333336
Model 4,13.5,1.9999999999999998,0.5959166666666662
Model 4,14.0,1.9999999999999998,0.7597500000000003
Model 4,14.5,1.9999999999999998,0.5816944444444443
Model 4,15.0,1.9999999999999998,0.44841666666666685
Model 4,8,2.1999999999999997,0.8463611111111109
Model 4,8.5,2.1999999999999997,0.5399722222222224
Model 4,9.0,2.1999999999999997,0.3389722222222227
Model 4,10.0,2.1999999999999997,0.18116666666666667
Model 4,10.5,2.1999999999999997,0.8425277777777771
Model 4,11.0,2.1999999999999997,0.7396666666666672
Model 4,11.5,2.1999999999999997,0.9498333333333324
Model 4,12.0,2.1999999999999997,0.8086111111111113
Model 4,12.5,2.1999999999999997,0.6894722222222213
Model 4,13.0,2.1999999999999997,0.4801388888888892
Model 4,13.5,2.1999999999999997,0.21286111111111106
Model 4,14.0,2.1999999999999997,0.13299999999999998
Model 4,15.0,2.1999999999999997,0.009277777777777779
Model 4,8,2.4,0.9402777777777774
Model 4,8.5,2.4,0.9759999999999989
Model 4,9.0,2.4,1.1323888888888893
Model 4,9.5,2.4,1.0191944444444445
Model 4,10.0,2.4,0.8918611111111102
Model 4,10.5,2.4,0.7123611111111118
Model 4,11.0,2.4,0.433111111111111
Model 4,11.5,2.4,0.25219444444444444
Model 4,12.0,2.4,0.3579444444444442
Model 4,13.0,2.4,0.5570833333333334
Model 4,13.5,2.4,0.6623611111111108
Model 4,14.0,2.4,0.709083333333333
Model 4,14.5,2.4,0.6866666666666673
Model 4,15.0,2.4,0.546388888888889
Model 4,8,2.6,0.9229166666666667
Model 4,8.5,2.6,0.6701388888888892
Model 4,9.0,2.6,0.4738888888888891
Model 4,9.5,2.6,0.46741666666666687
Model 4,10.5,2.6,0.5943055555555552
Model 4,11.0,2.6,0.8680000000000001
Model 4,11.5,2.6,0.8582500000000004
Model 4,12.0,2.6,0.9085277777777779
Model 4,12.5,2.6,0.7516944444444444
Model 4,13.0,2.6,0.5520555555555559
Model 4,13.5,2.6,0.35166666666666674
Model 4,14.0,2.6,0.1629166666666666
Model 4,14.5,2.6,0.11158333333333331
Model 4,8,2.8000000000000003,0.5340000000000005
Model 4,8.5,2.8000000000000003,1.0573888888888892
Model 4,9.0,2.8000000000000003,0.9785833333333325
Model 4,9.5,2.8000000000000003,1.131861111111111
Model 4,10.0,2.8000000000000003,0.9585277777777781
Model 4,10.5,2.8000000000000003,0.8103055555555551
Model 4,11.0,2.8000000000000003,0.6029166666666665
Model 4,11.5,2.8000000000000003,0.33138888888888896
Model 4,12.0,2.8000000000000003,0.1773055555555556
Model 4,13.0,2.8000000000000003,0.2074166666666668
Model 4,13.5,2.8000000000000003,0.7044999999999995
Model 4,14.0,2.8000000000000003,0.5810277777777776
Model 4,14.5,2.8000000000000003,0.7643888888888887
Model 4,15.0,2.8000000000000003,0.580416666666666
