Model 1,8,0,0.9444444444444452
Model 1,8.5,0,0.7795833333333327
Model 1,9.0,0,0.48605555555555546
Model 1,9.5,0,0.31824999999999987
Model 1,10.0,0,0.42519444444444393
Model 1,11.0,0,0.6462222222222214
Model 1,11.5,0,0.7355833333333327
Model 1,12.0,0,0.772638888888889
Model 1,12.5,0,0.7511944444444444
Model 1,13.0,0,0.6117222222222221
Model 1,13.5,0,0.4203055555555562
Model 1,14.0,0,0.22116666666666662
Model 1,14.5,0,0.09805555555555556
Model 1,15.0,0,0.11655555555555552
Model 1,8.5,0.2,0.6610555555555558
Model 1,9.0,0.2,0.9411111111111115
Model 1,9.5,0.2,0.9317500000000002
Model 1,10.0,0.2,0.9943333333333323
Model 1,10.5,0.2,0.8217222222222212
Model 1,11.0,0.2,0.6176388888888888
Model 1,11.5,0.2,0.4313888888888888
Model 1,12.0,0.2,0.2126388888888888
Model 1,12.5,0.2,0.16774999999999995
Model 1,13.5,0.2,0.2256666666666666
Model 1,14.0,0.2,0.5835277777777779
Model 1,14.5,0.2,0.4993611111111107
Model 1,15.0,0.2,0.6181111111111114
Model 1,8,0.4,1.0425833333333336
Model 1,8.5,0.4,0.8874166666666666
Model 1,9.0,0.4,0.6569166666666667
Model 1,9.5,0.4,0.42247222222222197
Model 1,10.0,0.4,0.25963888888888886
Model 1,11.0,0.4,0.24769444444444427
Model 1,11.5,0.4,0.7750277777777772
Model 1,12.0,0.4,0.6862499999999997
Model 1,12.5,0.4,0.8441944444444442
Model 1,13.0,0.4,0.6500555555555557
Model 1,13.5,0.4,0.5443611111111113
Model 1,14.0,0.4,0.3426666666666666
Model 1,14.5,0.4,0.13552777777777783
Model 1,15.0,0.4,0.055777777777777794
Model 1,8.5,0.6000000000000001,0.1759166666666667
Model 1,9.0,0.6000000000000001,0.89725
Model 1,9.5,0.6000000000000001,0.8478055555555545
Model 1,10.0,0.6000000000000001,1.0514444444444448
Model 1,10.5,0.6000000000000001,0.8919999999999998
Model 1,11.0,0.6000000000000001,0.7748611111111122
Model 1,11.5,0.6000000000000001,0.565361111111111
Model 1,12.0,0.6000000000000001,0.2881666666666666
Model 1,12.5,0.6000000000000001,0.1782777777777777
Model 1,13.5,0.6000000000000001,0.0017777777777777779
Model 1,14.0,0.6000000000000001,0.46747222222222184
Model 1,14.5,0.6000000000000001,0.5370277777777779
Model 1,15.0,0.6000000000000001,0.6455000000000003
Model 1,8,0.8,1.1226944444444436
Model 1,8.5,0.8,0.9645833333333329
Model 1,9.0,0.8,0.8144444444444453
Model 1,9.5,0.8,0.5244722222222217
Model 1,10.0,0.8,0.3310555555555554
Model 1,10.5,0.8,0.39122222222222236
Model 1,11.5,0.8,0.6158055555555564
Model 1,12.0,0.8,0.7514444444444438
Model 1,12.5,0.8,0.7500277777777776
Model 1,13.0,0.8,0.7591944444444451
Model 1,13.5,0.8,0.6461388888888888
Model 1,14.0,0.8,0.4184444444444438
Model 1,14.5,0.8,0.2472222222222224
Model 1,15.0,0.8,0.1098888888888889
Model 1,8,1.0,0.5405833333333329
Model 1,9.0,1.0,0.601861111111111
Model 1,9.5,1.0,0.9920277777777772
Model 1,10.0,1.0,0.9463611111111119
Model 1,10.5,1.0,1.0080833333333332
Model 1,11.0,1.0,0.8445833333333335
Model 1,11.5,1.0,0.6479166666666668
Model 1,12.0,1.0,0.44552777777777747
Model 1,12.5,1.0,0.22780555555555557
Model 1,13.0,1.0,0.1500833333333333
Model 1,14.0,1.0,0.19949999999999996
Model 1,14.5,1.0,0.5987222222222223
Model 1,15.0,1.0,0.49955555555555564
Model 1,8,1.2,1.2353333333333338
Model 1,8.5,1.2,1.0633055555555557
Model 1,9.0,1.2,0.9219444444444448
Model 1,9.5,1.2,0.7064444444444437
Model 1,10.0,1.2,0.4373333333333329
Model 1,10.5,1.2,0.24847222222222232
Model 1,11.5,1.2,0.2220277777777778
Model 1,12.0,1.2,0.772694444444444
Model 1,12.5,1.2,0.6505277777777778
Model 1,13.0,1.2,0.8714444444444445
Model 1,13.5,1.2,0.6773055555555544
Model 1,14.0,1.2,0.5755555555555552
Model 1,14.5,1.2,0.35169444444444437
Model 1,15.0,1.2,0.13025
Model 1,8,1.4,0.46663888888888866
Model 1,9.0,1.4,0.11899999999999995
Model 1,9.5,1.4,0.8822777777777785
Model 1,10.0,1.4,0.8728055555555561
Model 1,10.5,1.4,1.065722222222222
Model 1,11.0,1.4,0.9362499999999992
Model 1,11.5,1.4,0.7863055555555543
Model 1,12.0,1.4,0.5930833333333337
Model 1,12.5,1.4,0.30247222222222186
Model 1,13.0,1.4,0.18030555555555547
Model 1,13.5,1.4,0.3072499999999999
Model 1,14.5,1.4,0.4711388888888892
Model 1,15.0,1.4,0.5736666666666662
Model 1,8,1.5999999999999999,1.2517222222222228
Model 1,8.5,1.5999999999999999,1.165777777777778
Model 1,9.0,1.5999999999999999,1.0175555555555553
Model 1,9.5,1.5999999999999999,0.8373611111111111
Model 1,10.0,1.5999999999999999,0.5449444444444443
Model 1,10.5,1.5999999999999999,0.34327777777777785
Model 1,11.0,1.5999999999999999,0.364111111111111
Model 1,12.0,1.5999999999999999,0.559972222222222
Model 1,12.5,1.5999999999999999,0.7365000000000002
Model 1,13.0,1.5999999999999999,0.7784999999999989
Model 1,13.5,1.5999999999999999,0.8036944444444447
Model 1,14.0,1.5999999999999999,0.6642499999999999
Model 1,14.5,1.5999999999999999,0.4218333333333327
Model 1,15.0,1.5999999999999999,0.2575555555555554
Model 1,8,1.7999999999999998,0.5581388888888887
Model 1,8.5,1.7999999999999998,0.5086944444444449
Model 1,9.5,1.7999999999999998,0.548416666666667
Model 1,10.0,1.7999999999999998,0.9901944444444446
Model 1,10.5,1.7999999999999998,0.9416388888888886
Model 1,11.0,1.7999999999999998,1.0302222222222235
Model 1,11.5,1.7999999999999998,0.8733888888888895
Model 1,12.0,1.7999999999999998,0.6801388888888891
Model 1,12.5,1.7999999999999998,0.46047222222222256
Model 1,13.0,1.7999999999999998,0.24341666666666675
Model 1,13.5,1.7999999999999998,0.13677777777777783
Model 1,14.5,1.7999999999999998,0.18400000000000005
Model 1,15.0,1.7999999999999998,0.6331111111111113
Model 1,8,1.9999999999999998,1.1156666666666668
Model 1,8.5,1.9999999999999998,1.253
Model 1,9.0,1.9999999999999998,1.086583333333334
Model 1,9.5,1.9999999999999998,0.9460277777777767
Model 1,10.0,1.9999999999999998,0.7429999999999995
Model 1,10.5,1.9999999999999998,0.4225833333333333
Model 1,11.0,1.9999999999999998,0.2401666666666667
Model 1,12.0,1.9999999999999998,0.18141666666666673
Model 1,12.5,1.9999999999999998,0.7599166666666654
Model 1,13.0,1.9999999999999998,0.6644999999999996
Model 1,13.5,1.9999999999999998,0.8694999999999989
Model 1,14.0,1.9999999999999998,0.6916944444444443
Model 1,14.5,1.9999999999999998,0.5901944444444441
Model 1,15.0,1.9999999999999998,0.361777777777778
Model 1,8,2.1999999999999997,0.6245555555555553
Model 1,8.5,2.1999999999999997,0.4812222222222223
Model 1,9.5,2.1999999999999997,0.07011111111111108
Model 1,10.0,2.1999999999999997,0.8734444444444451
Model 1,10.5,2.1999999999999997,0.8914722222222206
Model 1,11.0,2.1999999999999997,1.0721944444444438
Model 1,11.5,2.1999999999999997,0.9600555555555541
Model 1,12.0,2.1999999999999997,0.7907777777777788
Model 1,12.5,2.1999999999999997,0.6068611111111119
Model 1,13.0,2.1999999999999997,0.3106111111111111
Model 1,13.5,2.1999999999999997,0.16763888888888878
Model 1,14.0,2.1999999999999997,0.2813888888888889
Model 1,15.0,2.1999999999999997,0.4768055555555556
Model 1,8,2.4,1.1735833333333325
Model 1,8.5,2.4,1.2177222222222217
Model 1,9.0,2.4,1.1961388888888895
Model 1,9.5,2.4,1.0526944444444457
Model 1,10.0,2.4,0.8474722222222215
Model 1,10.5,2.4,0.5665000000000004
Model 1,11.0,2.4,0.3351388888888891
Model 1,11.5,2.4,0.35883333333333317
Model 1,12.5,2.4,0.5130000000000001
Model 1,13.0,2.4,0.7726944444444444
Model 1,13.5,2.4,0.7632222222222222
Model 1,14.0,2.4,0.8306666666666663
Model 1,14.5,2.4,0.6499722222222226
Model 1,15.0,2.4,0.42322222222222233
Model 1,8,2.6,0.8362499999999995
Model 1,8.5,2.6,0.5525833333333334
Model 1,9.0,2.6,0.46741666666666687
Model 1,10.0,2.6,0.47519444444444464
Model 1,10.5,2.6,0.9940277777777781
Model 1,11.0,2.6,0.9143055555555559
Model 1,11.5,2.6,1.0447222222222208
Model 1,12.0,2.6,0.8881666666666668
Model 1,12.5,2.6,0.7126111111111113
Model 1,13.0,2.6,0.4652499999999998
Model 1,13.5,2.6,0.246388888888889
Model 1,14.0,2.6,0.11611111111111111
Model 1,15.0,2.6,0.16447222222222213
Model 1,8,2.8000000000000003,1.210333333333331
Model 1,8.5,2.8000000000000003,1.1193333333333333
Model 1,9.0,2.8000000000000003,1.2865555555555566
Model 1,9.5,2.8000000000000003,1.0892499999999985
Model 1,10.0,2.8000000000000003,0.9671388888888898
Model 1,10.5,2.8000000000000003,0.7406111111111112
Model 1,11.0,2.8000000000000003,0.40644444444444444
Model 1,11.5,2.8000000000000003,0.23652777777777786
Model 1,12.5,2.8000000000000003,0.13605555555555546
Model 1,13.0,2.8000000000000003,0.7148333333333338
Model 1,13.5,2.8000000000000003,0.6579722222222216
Model 1,14.0,2.8000000000000003,0.8801944444444441
Model 1,14.5,2.8000000000000003,0.7065000000000002
Model 1,15.0,2.8000000000000003,0.5801666666666662
Model 2,8,0,3.378416666666667
Model 2,8.5,0,2.9421944444444454
Model 2,9.0,0,2.250361111111109
Model 2,9.5,0,1.296305555555554
Model 2,10.0,0,0.6638333333333332
Model 2,11.0,0,0.4987777777777772
Model 2,11.5,0,2.3145555555555575
Model 2,12.0,0,2.074972222222218
Model 2,12.5,0,2.736861111111108
Model 2,13.0,0,2.179027777777775
Model 2,13.5,0,1.813472222222223
Model 2,14.0,0,1.115194444444445
Model 2,14.5,0,0.20369444444444434
Model 2,15.0,0,0.04480555555555556
Model 2,8.5,0.2,0.25711111111111074
Model 2,9.0,0.2,2.7016944444444424
Model 2,9.5,0.2,2.830972222222217
Model 2,10.0,0.2,3.3341666666666674
Model 2,10.5,0.2,2.993750000000001
Model 2,11.0,0.2,2.4988055555555553
Model 2,11.5,0.2,1.8936944444444428
Model 2,12.0,0.2,0.9263055555555548
Model 2,12.5,0.2,0.37580555555555584
Model 2,13.0,0.2,0.6992222222222223
Model 2,14.0,0.2,1.2904166666666672
Model 2,14.5,0.2,1.772916666666665
Model 2,15.0,0.2,1.9469999999999978
Model 2,8,0.4,3.7463333333333346
Model 2,8.5,0.4,3.2621944444444444
Model 2,9.0,0.4,2.622499999999998
Model 2,9.5,0.4,1.790972222222224
Model 2,10.0,0.4,1.0457222222222202
Model 2,10.5,0.4,1.0156388888888885
Model 2,11.5,0.4,1.5224722222222216
Model 2,12.0,0.4,2.4141111111111098
Model 2,12.5,0.4,2.4056944444444435
Model 2,13.0,0.4,2.5938333333333308
Model 2,13.5,0.4,2.089861111111109
Model 2,14.0,0.4,1.4129444444444434
Model 2,14.5,0.4,0.7460555555555555
Model 2,15.0,0.4,0.0941388888888889
Model 2,8,0.6000000000000001,1.4978055555555558
Model 2,9.0,0.6000000000000001,1.5253055555555552
Model 2,9.5,0.6000000000000001,3.1389444444444408
Model 2,10.0,0.6000000000000001,2.9151944444444435
Model 2,10.5,0.6000000000000001,3.310861111111111
Model 2,11.0,0.6000000000000001,2.7732500000000013
Model 2,11.5,0.6000000000000001,2.2455555555555535
Model 2,12.0,0.6000000000000001,1.5209444444444453
Model 2,12.5,0.6000000000000001,0.6680555555555548
Model 2,13.0,0.6000000000000001,0.20427777777777759
Model 2,14.0,0.6000000000000001,0.42163888888888884
Model 2,14.5,0.6000000000000001,1.8839166666666673
Model 2,15.0,0.6000000000000001,1.589861111111113
Model 2,8,0.8,4.029499999999999
Model 2,8.5,0.8,3.455694444444442
Model 2,9.0,0.8,3.041805555555552
Model 2,9.5,0.8,2.3787777777777754
Model 2,10.0,0.8,1.3603888888888898
Model 2,10.5,0.8,0.7531666666666653
Model 2,11.5,0.8,0.3980277777777775
Model 2,12.0,0.8,2.298611111111111
Model 2,12.5,0.8,2.1765555555555562
Model 2,13.0,0.8,2.786166666666667
Model 2,13.5,0.8,2.29711111111111
Model 2,14.0,0.8,1.9093888888888875
Model 2,14.5,0.8,1.232972222222222
Model 2,15.0,0.8,0.2704444444444444
Model 2,8,1.0,1.5838333333333294
Model 2,9.0,1.0,0.14466666666666644
Model 2,9.5,1.0,2.718
Model 2,10.0,1.0,2.9600277777777793
Model 2,10.5,1.0,3.3605277777777762
Model 2,11.0,1.0,3.0926666666666693
Model 2,11.5,1.0,2.5791666666666675
Model 2,12.0,1.0,2.001166666666667
Model 2,12.5,1.0,1.066333333333333
Model 2,13.0,1.0,0.4092499999999993
Model 2,13.5,1.0,0.6622499999999992
Model 2,14.5,1.0,1.2900277777777784
Model 2,15.0,1.0,1.8463611111111096
Model 2,8,1.2,3.8055277777777725
Model 2,8.5,1.2,3.841555555555554
Model 2,9.0,1.2,3.3712777777777725
Model 2,9.5,1.2,2.698111111111111
Model 2,10.0,1.2,1.931361111111109
Model 2,10.5,1.2,1.146111111111112
Model 2,11.0,1.2,1.0488333333333333
Model 2,12.0,1.2,1.4273888888888895
Model 2,12.5,1.2,2.54322222222222
Model 2,13.0,1.2,2.4299999999999975
Model 2,13.5,1.2,2.704444444444441
Model 2,14.0,1.2,2.1591944444444415
Model 2,14.5,1.2,1.529333333333332
Model 2,15.0,1.2,0.8366944444444435
Model 2,8,1.4,1.89686111111111
Model 2,8.5,1.4,1.4889166666666658
Model 2,9.5,1.4,1.3842499999999978
Model 2,10.0,1.4,3.19836111111111
Model 2,10.5,1.4,2.9324999999999974
Model 2,11.0,1.4,3.4120555555555523
Model 2,11.5,1.4,2.861333333333335
Model 2,12.0,1.4,2.3866666666666676
Model 2,12.5,1.4,1.6537222222222219
Model 2,13.0,1.4,0.7314166666666664
Model 2,13.5,1.4,0.19013888888888889
Model 2,14.5,1.4,0.38733333333333303
Model 2,15.0,1.4,1.8793333333333322
Model 2,8,1.5999999999999999,3.5330555555555527
Model 2,8.5,1.5999999999999999,4.1234722222222215
Model 2,9.0,1.5999999999999999,3.526611111111116
Model 2,9.5,1.5999999999999999,3.160749999999997
Model 2,10.0,1.5999999999999999,2.470666666666665
Model 2,10.5,1.5999999999999999,1.4418888888888874
Model 2,11.0,1.5999999999999999,0.8421388888888889
Model 2,12.0,1.5999999999999999,0.2889444444444442
Model 2,12.5,1.5999999999999999,2.2700555555555546
Model 2,13.0,1.5999999999999999,2.2668888888888876
Model 2,13.5,1.5999999999999999,2.849305555555557
Model 2,14.0,1.5999999999999999,2.42077777777778
Model 2,14.5,1.5999999999999999,1.9866388888888877
Model 2,15.0,1.5999999999999999,1.3352222222222223
Model 2,8,1.7999999999999998,2.2470833333333324
Model 2,8.5,1.7999999999999998,1.6951944444444427
Model 2,9.5,1.7999999999999998,0.03466666666666662
Model 2,10.0,1.7999999999999998,2.736194444444444
Model 2,10.5,1.7999999999999998,3.117666666666665
Model 2,11.0,1.7999999999999998,3.3860555555555534
Model 2,11.5,1.7999999999999998,3.186444444444441
Model 2,12.0,1.7999999999999998,2.6773611111111077
Model 2,12.5,1.7999999999999998,2.09872222222222
Model 2,13.0,1.7999999999999998,1.1983055555555548
Model 2,13.5,1.7999999999999998,0.4284444444444447
Model 2,14.0,1.7999999999999998,0.5881388888888892
Model 2,15.0,1.7999999999999998,1.1879444444444431
Model 2,8,1.9999999999999998,3.8149999999999986
Model 2,8.5,1.9999999999999998,3.798722222222219
Model 2,9.0,1.9999999999999998,3.9244444444444473
Model 2,9.5,1.9999999999999998,3.4653888888888873
Model 2,10.0,1.9999999999999998,2.767333333333332
Model 2,10.5,1.9999999999999998,2.0628888888888883
Model 2,11.0,1.9999999999999998,1.2628055555555546
Model 2,11.5,1.9999999999999998,1.017249999999999
Model 2,12.5,1.9999999999999998,1.3105
Model 2,13.0,1.9999999999999998,2.6576944444444415
Model 2,13.5,1.9999999999999998,2.4615277777777793
Model 2,14.0,1.9999999999999998,2.779861111111111
Model 2,14.5,1.9999999999999998,2.2408888888888883
Model 2,15.0,1.9999999999999998,1.6527499999999995
Model 2,8,2.1999999999999997,2.8540833333333357
Model 2,8.5,2.1999999999999997,2.0133333333333305
Model 2,9.0,2.1999999999999997,1.4919166666666661
Model 2,10.0,2.1999999999999997,1.2634722222222194
Model 2,10.5,2.1999999999999997,3.2645833333333316
Model 2,11.0,2.1999999999999997,2.9795555555555544
Model 2,11.5,2.1999999999999997,3.5110833333333353
Model 2,12.0,2.1999999999999997,2.9334999999999956
Model 2,12.5,2.1999999999999997,2.4957777777777754
Model 2,13.0,2.1999999999999997,1.7994444444444433
Model 2,13.5,2.1999999999999997,0.7592222222222215
Model 2,14.0,2.1999999999999997,0.16741666666666666
Model 2,15.0,2.1999999999999997,0.32147222222222194
Model 2,8,2.4,3.7780555555555524
Model 2,8.5,2.4,3.5350277777777754
Model 2,9.0,2.4,4.196611111111114
Model 2,9.5,2.4,3.6358055555555553
Model 2,10.0,2.4,3.2710833333333333
Model 2,10.5,2.4,2.5724722222222227
Model 2,11.0,2.4,1.5244999999999953
Model 2,11.5,2.4,0.927888888888889
Model 2,12.5,2.4,0.18277777777777762
Model 2,13.0,2.4,2.2589722222222237
Model 2,13.5,2.4,2.3832499999999985
Model 2,14.0,2.4,2.891444444444441
Model 2,14.5,2.4,2.5471388888888895
Model 2,15.0,2.4,2.0535555555555547
Model 2,8,2.6,3.35275
Model 2,8.5,2.6,2.3823611111111096
Model 2,9.0,2.6,1.7853333333333323
Model 2,9.5,2.6,2.0996388888888884
Model 2,10.5,2.6,2.7519444444444465
Model 2,11.0,2.6,3.23305555555555
Model 2,11.5,2.6,3.4105277777777725
Model 2,12.0,2.6,3.299944444444441
Model 2,12.5,2.6,2.815888888888885
Model 2,13.0,2.6,2.1774722222222227
Model 2,13.5,2.6,1.3044722222222198
Model 2,14.0,2.6,0.43399999999999994
Model 2,14.5,2.6,0.5186388888888886
Model 2,8,2.8000000000000003,2.8581111111111097
Model 2,8.5,2.8000000000000003,3.872138888888889
Model 2,9.0,2.8000000000000003,3.866027777777781
Model 2,9.5,2.8000000000000003,4.050000000000001
Model 2,10.0,2.8000000000000003,3.5482500000000017
Model 2,10.5,2.8000000000000003,2.869666666666666
Model 2,11.0,2.8000000000000003,2.1845277777777756
Model 2,11.5,2.8000000000000003,1.349138888888889
Model 2,12.0,2.8000000000000003,0.9096388888888893
Model 2,13.0,2.8000000000000003,1.2036111111111099
Model 2,13.5,2.8000000000000003,2.6949999999999963
Model 2,14.0,2.8000000000000003,2.472000000000002
Model 2,14.5,2.8000000000000003,2.86497222222222
Model 2,15.0,2.8000000000000003,2.327666666666668
Model 3,8,0,0.9911111111111126
Model 3,8.5,0,0.7733333333333333
Model 3,9.0,0,0.5747777777777769
Model 3,9.5,0,0.3431666666666667
Model 3,10.0,0,0.3084166666666667
Model 3,11.0,0,0.3737499999999998
Model 3,11.5,0,0.737
Model 3,12.0,0,0.6855833333333332
Model 3,12.5,0,0.7691666666666659
Model 3,13.0,0,0.6177499999999991
Model 3,13.5,0,0.445111111111111
Model 3,14.0,0,0.27294444444444466
Model 3,14.5,0,0.1210277777777778
Model 3,15.0,0,0.05694444444444447
Model 3,8.5,0.2,0.357138888888889
Model 3,9.0,0.2,0.9600277777777779
Model 3,9.5,0.2,0.857972222222222
Model 3,10.0,0.2,0.9923611111111107
Model 3,10.5,0.2,0.8221944444444438
Model 3,11.0,0.2,0.6868333333333339
Model 3,11.5,0.2,0.5029999999999999
Model 3,12.0,0.2,0.2443888888888888
Model 3,12.5,0.2,0.1161666666666667
Model 3,13.5,0.2,0.11655555555555548
Model 3,14.0,0.2,0.5386666666666666
Model 3,14.5,0.2,0.44891666666666713
Model 3,15.0,0.2,0.6283055555555547
Model 3,8,0.4,1.030249999999999
Model 3,8.5,0.4,0.9408888888888893
Model 3,9.0,0.4,0.7265833333333331
Model 3,9.5,0.4,0.41061111111111087
Model 3,10.0,0.4,0.29036111111111124
Model 3,11.0,0.4,0.044916666666666674
Model 3,11.5,0.4,0.6328333333333329
Model 3,12.0,0.4,0.652416666666666
Model 3,12.5,0.4,0.8121111111111116
Model 3,13.0,0.4,0.7047499999999998
Model 3,13.5,0.4,0.5515000000000003
Model 3,14.0,0.4,0.3901111111111107
Model 3,14.5,0.4,0.1752222222222222
Model 3,15.0,0.4,0.078
Model 3,8,0.6000000000000001,0.5936944444444444
Model 3,9.0,0.6000000000000001,0.8295000000000003
Model 3,9.5,0.6000000000000001,0.917944444444445
Model 3,10.0,0.6000000000000001,0.9560555555555553
Model 3,10.5,0.6000000000000001,0.9359166666666665
Model 3,11.0,0.6000000000000001,0.7926944444444434
Model 3,11.5,0.6000000000000001,0.6023611111111113
Model 3,12.0,0.6000000000000001,0.36463888888888885
Model 3,12.5,0.6000000000000001,0.19261111111111093
Model 3,13.0,0.6000000000000001,0.2116388888888888
Model 3,14.0,0.6000000000000001,0.3403888888888885
Model 3,14.5,0.6000000000000001,0.5640833333333328
Model 3,15.0,0.6000000000000001,0.5376388888888886
Model 3,8,0.8,1.1716388888888882
Model 3,8.5,0.8,1.006055555555555
Model 3,9.0,0.8,0.8038055555555562
Model 3,9.5,0.8,0.6064444444444441
Model 3,10.0,0.8,0.3553888888888888
Model 3,10.5,0.8,0.2904166666666667
Model 3,11.5,0.8,0.3319444444444447
Model 3,12.0,0.8,0.750444444444444
Model 3,12.5,0.8,0.6734166666666662
Model 3,13.0,0.8,0.7973611111111112
Model 3,13.5,0.8,0.6471388888888888
Model 3,14.0,0.8,0.4929444444444437
Model 3,14.5,0.8,0.29372222222222255
Model 3,15.0,0.8,0.13377777777777777
Model 3,8,1.0,0.4156944444444443
Model 3,9.0,1.0,0.3266944444444443
Model 3,9.5,1.0,0.9578333333333335
Model 3,10.0,1.0,0.8703333333333331
Model 3,10.5,1.0,1.0286944444444441
Model 3,11.0,1.0,0.8361388888888889
Model 3,11.5,1.0,0.7273611111111109
Model 3,12.0,1.0,0.5174444444444439
Model 3,12.5,1.0,0.24591666666666664
Model 3,13.0,1.0,0.12680555555555553
Model 3,14.0,1.0,0.08725000000000002
Model 3,14.5,1.0,0.5122500000000003
Model 3,15.0,1.0,0.45783333333333315
Model 3,8,1.2,1.2281666666666653
Model 3,8.5,1.2,1.0715555555555552
Model 3,9.0,1.2,0.9593611111111118
Model 3,9.5,1.2,0.7524722222222217
Model 3,10.0,1.2,0.44286111111111137
Model 3,10.5,1.2,0.3093611111111111
Model 3,11.5,1.2,0.003916666666666667
Model 3,12.0,1.2,0.6327777777777771
Model 3,12.5,1.2,0.7060555555555551
Model 3,13.0,1.2,0.8246388888888887
Model 3,13.5,1.2,0.7237222222222222
Model 3,14.0,1.2,0.5628888888888884
Model 3,14.5,1.2,0.4094166666666671
Model 3,15.0,1.2,0.18850000000000003
Model 3,8,1.4,0.4995833333333327
Model 3,8.5,1.4,0.5521388888888885
Model 3,9.5,1.4,0.7932222222222223
Model 3,10.0,1.4,0.9330277777777776
Model 3,10.5,1.4,0.9345555555555562
Model 3,11.0,1.4,0.9433888888888884
Model 3,11.5,1.4,0.8269722222222224
Model 3,12.0,1.4,0.5993333333333329
Model 3,12.5,1.4,0.38955555555555565
Model 3,13.0,1.4,0.20558333333333326
Model 3,13.5,1.4,0.20094444444444426
Model 3,14.5,1.4,0.29563888888888873
Model 3,15.0,1.4,0.6040555555555562
Model 3,8,1.5999999999999999,1.1241111111111104
Model 3,8.5,1.5999999999999999,1.1849722222222225
Model 3,9.0,1.5999999999999999,1.028694444444444
Model 3,9.5,1.5999999999999999,0.8344166666666661
Model 3,10.0,1.5999999999999999,0.6180277777777778
Model 3,10.5,1.5999999999999999,0.36974999999999986
Model 3,11.0,1.5999999999999999,0.2629722222222223
Model 3,12.0,1.5999999999999999,0.29286111111111107
Model 3,12.5,1.5999999999999999,0.7632777777777777
Model 3,13.0,1.5999999999999999,0.6735277777777775
Model 3,13.5,1.5999999999999999,0.8287500000000005
Model 3,14.0,1.5999999999999999,0.657555555555555
Model 3,14.5,1.5999999999999999,0.5078888888888893
Model 3,15.0,1.5999999999999999,0.3084166666666667
Model 3,8,1.7999999999999998,0.6089999999999999
Model 3,8.5,1.7999999999999998,0.4009166666666666
Model 3,9.5,1.7999999999999998,0.28674999999999984
Model 3,10.0,1.7999999999999998,0.9526388888888893
Model 3,10.5,1.7999999999999998,0.8321111111111114
Model 3,11.0,1.7999999999999998,1.0548888888888894
Model 3,11.5,1.7999999999999998,0.8640277777777786
Model 3,12.0,1.7999999999999998,0.7561111111111111
Model 3,12.5,1.7999999999999998,0.5238611111111109
Model 3,13.0,1.7999999999999998,0.2336388888888889
Model 3,13.5,1.7999999999999998,0.13924999999999998
Model 3,14.5,1.7999999999999998,0.05461111111111114
Model 3,15.0,1.7999999999999998,0.4843611111111108
Model 3,8,1.9999999999999998,1.0508055555555555
Model 3,8.5,1.9999999999999998,1.2416944444444442
Model 3,9.0,1.9999999999999998,1.1144444444444448
Model 3,9.5,1.9999999999999998,0.9722222222222215
Model 3,10.0,1.9999999999999998,0.7790555555555568
Model 3,10.5,1.9999999999999998,0.45616666666666705
Model 3,11.0,1.9999999999999998,0.30397222222222225
Model 3,11.5,1.9999999999999998,0.4500277777777778
Model 3,12.5,1.9999999999999998,0.6328611111111117
Model 3,13.0,1.9999999999999998,0.7396388888888887
Model 3,13.5,1.9999999999999998,0.8368888888888896
Model 3,14.0,1.9999999999999998,0.7511944444444438
Model 3,14.5,1.9999999999999998,0.5946666666666669
Model 3,15.0,1.9999999999999998,0.40563888888888866
Model 3,8,2.1999999999999997,0.724027777777778
Model 3,8.5,2.1999999999999997,0.5074444444444447
Model 3,9.0,2.1999999999999997,0.5214444444444447
Model 3,10.0,2.1999999999999997,0.7234444444444449
Model 3,10.5,2.1999999999999997,0.9154166666666664
Model 3,11.0,2.1999999999999997,0.9622777777777773
Model 3,11.5,2.1999999999999997,0.9871666666666664
Model 3,12.0,2.1999999999999997,0.8492222222222221
Model 3,12.5,2.1999999999999997,0.6024999999999999
Model 3,13.0,2.1999999999999997,0.39877777777777795
Model 3,13.5,2.1999999999999997,0.19186111111111112
Model 3,14.0,2.1999999999999997,0.17058333333333334
Model 3,15.0,2.1999999999999997,0.2578055555555555
Model 3,8,2.4,1.1665277777777765
Model 3,8.5,2.4,1.1213888888888874
Model 3,9.0,2.4,1.2074444444444443
Model 3,9.5,2.4,1.052916666666667
Model 3,10.0,2.4,0.8688888888888882
Model 3,10.5,2.4,0.6307777777777773
Model 3,11.0,2.4,0.3793333333333333
Model 3,11.5,2.4,0.2391944444444445
Model 3,12.5,2.4,0.2646944444444444
Model 3,13.0,2.4,0.799166666666666
Model 3,13.5,2.4,0.6853055555555552
Model 3,14.0,2.4,0.8290000000000003
Model 3,14.5,2.4,0.6531388888888883
Model 3,15.0,2.4,0.5016944444444446
Model 3,8,2.6,0.9247499999999991
Model 3,8.5,2.6,0.5932500000000003
Model 3,9.0,2.6,0.38875000000000004
Model 3,10.0,2.6,0.23291666666666663
Model 3,10.5,2.6,0.9382499999999996
Model 3,11.0,2.6,0.8411111111111116
Model 3,11.5,2.6,1.0514999999999997
Model 3,12.0,2.6,0.8746388888888883
Model 3,12.5,2.6,0.7757499999999996
Model 3,13.0,2.6,0.534194444444445
Model 3,13.5,2.6,0.2381111111111112
Model 3,14.0,2.6,0.13697222222222216
Model 3,15.0,2.6,0.03211111111111111
Model 3,8,2.8000000000000003,1.0490555555555547
Model 3,8.5,2.8000000000000003,1.0691388888888878
Model 3,9.0,2.8000000000000003,1.2493055555555548
Model 3,9.5,2.8000000000000003,1.1410833333333332
Model 3,10.0,2.8000000000000003,0.9708333333333329
Model 3,10.5,2.8000000000000003,0.7920000000000006
Model 3,11.0,2.8000000000000003,0.4666388888888886
Model 3,11.5,2.8000000000000003,0.2864722222222223
Model 3,12.0,2.8000000000000003,0.40861111111111087
Model 3,13.0,2.8000000000000003,0.642055555555555
Model 3,13.5,2.8000000000000003,0.7390555555555552
Model 3,14.0,2.8000000000000003,0.7807499999999992
Model 3,14.5,2.8000000000000003,0.7569722222222228
Model 3,15.0,2.8000000000000003,0.601416666666667
Model 4,8,0,0.9522500000000004
Model 4,8.5,0,0.7894999999999993
Model 4,9.0,0,0.4956666666666672
Model 4,9.5,0,0.32202777777777797
Model 4,10.0,0,0.41552777777777755
Model 4,11.0,0,0.6489999999999994
Model 4,11.5,0,0.7415277777777762
Model 4,12.0,0,0.766694444444445
Model 4,12.5,0,0.7567500000000005
Model 4,13.0,0,0.6188333333333329
Model 4,13.5,0,0.4195000000000004
Model 4,14.0,0,0.22588888888888867
Model 4,14.5,0,0.09888888888888892
Model 4,15.0,0,0.11744444444444448
Model 4,8.5,0.2,0.6461944444444446
Model 4,9.0,0.2,0.9616388888888899
Model 4,9.5,0.2,0.9359999999999998
Model 4,10.0,0.2,1.0000277777777775
Model 4,10.5,0.2,0.8290555555555549
Model 4,11.0,0.2,0.622194444444444
Model 4,11.5,0.2,0.434888888888889
Model 4,12.0,0.2,0.2168333333333332
Model 4,12.5,0.2,0.16536111111111107
Model 4,13.5,0.2,0.22683333333333325
Model 4,14.0,0.2,0.5848055555555559
Model 4,14.5,0.2,0.5002222222222218
Model 4,15.0,0.2,0.6286388888888895
Model 4,8,0.4,1.0488333333333337
Model 4,8.5,0.4,0.9014999999999997
Model 4,9.0,0.4,0.6656666666666671
Model 4,9.5,0.4,0.4269166666666661
Model 4,10.0,0.4,0.2565277777777779
Model 4,11.0,0.4,0.2436944444444443
Model 4,11.5,0.4,0.7831388888888896
Model 4,12.0,0.4,0.6820277777777777
Model 4,12.5,0.4,0.8555277777777773
Model 4,13.0,0.4,0.6582222222222225
Model 4,13.5,0.4,0.5545000000000002
Model 4,14.0,0.4,0.34583333333333344
Model 4,14.5,0.4,0.13630555555555554
Model 4,15.0,0.4,0.056055555555555546
Model 4,8.5,0.6000000000000001,0.1614444444444444
Model 4,9.0,0.6000000000000001,0.8937499999999994
Model 4,9.5,0.6000000000000001,0.8539444444444436
Model 4,10.0,0.6000000000000001,1.0614444444444444
Model 4,10.5,0.6000000000000001,0.898944444444445
Model 4,11.0,0.6000000000000001,0.7788611111111119
Model 4,11.5,0.6000000000000001,0.5754444444444445
Model 4,12.0,0.6000000000000001,0.29369444444444426
Model 4,12.5,0.6000000000000001,0.18049999999999986
Model 4,13.5,0.6000000000000001,0.0
Model 4,14.0,0.6000000000000001,0.46872222222222226
Model 4,14.5,0.6000000000000001,0.5469722222222221
Model 4,15.0,0.6000000000000001,0.650111111111112
Model 4,8,0.8,1.135777777777777
Model 4,8.5,0.8,0.977666666666666
Model 4,9.0,0.8,0.8235277777777791
Model 4,9.5,0.8,0.5296388888888883
Model 4,10.0,0.8,0.3385277777777778
Model 4,10.5,0.8,0.38525000000000004
Model 4,11.5,0.8,0.6051944444444444
Model 4,12.0,0.8,0.7528888888888876
Model 4,12.5,0.8,0.756527777777777
Model 4,13.0,0.8,0.7658055555555559
Model 4,13.5,0.8,0.6555555555555557
Model 4,14.0,0.8,0.41786111111111096
Model 4,14.5,0.8,0.2514166666666669
Model 4,15.0,0.8,0.11033333333333337
Model 4,8,1.0,0.5419166666666667
Model 4,9.0,1.0,0.592083333333333
Model 4,9.5,1.0,0.9993888888888882
Model 4,10.0,1.0,0.9471944444444449
Model 4,10.5,1.0,1.011861111111111
Model 4,11.0,1.0,0.8508333333333333
Model 4,11.5,1.0,0.6584166666666664
Model 4,12.0,1.0,0.4500833333333331
Model 4,12.5,1.0,0.23541666666666664
Model 4,13.0,1.0,0.14855555555555555
Model 4,14.0,1.0,0.19908333333333328
Model 4,14.5,1.0,0.6083333333333338
Model 4,15.0,1.0,0.5077777777777778
Model 4,8,1.2,1.2456388888888885
Model 4,8.5,1.2,1.0758333333333345
Model 4,9.0,1.2,0.9349166666666664
Model 4,9.5,1.2,0.7199999999999989
Model 4,10.0,1.2,0.4358333333333331
Model 4,10.5,1.2,0.24772222222222226
Model 4,11.5,1.2,0.22075
Model 4,12.0,1.2,0.771083333333333
Model 4,12.5,1.2,0.6543611111111107
Model 4,13.0,1.2,0.8744444444444447
Model 4,13.5,1.2,0.6856666666666664
Model 4,14.0,1.2,0.5793333333333331
Model 4,14.5,1.2,0.3560000000000002
Model 4,15.0,1.2,0.13138888888888894
Model 4,8,1.4,0.47408333333333297
Model 4,9.0,1.4,0.1107777777777777
Model 4,9.5,1.4,0.8857777777777781
Model 4,10.0,1.4,0.873027777777778
Model 4,10.5,1.4,1.069833333333333
Model 4,11.0,1.4,0.9444166666666659
Model 4,11.5,1.4,0.7945833333333323
Model 4,12.0,1.4,0.6006944444444444
Model 4,12.5,1.4,0.31072222222222207
Model 4,13.0,1.4,0.1804999999999999
Model 4,13.5,1.4,0.3112499999999998
Model 4,14.5,1.4,0.4773333333333335
Model 4,15.0,1.4,0.5787499999999997
Model 4,8,1.5999999999999999,1.2528333333333328
Model 4,8.5,1.5999999999999999,1.178861111111111
Model 4,9.0,1.5999999999999999,1.0316944444444438
Model 4,9.5,1.5999999999999999,0.8466388888888884
Model 4,10.0,1.5999999999999999,0.5526111111111116
Model 4,10.5,1.5999999999999999,0.34788888888888897
Model 4,11.0,1.5999999999999999,0.3644166666666664
Model 4,12.0,1.5999999999999999,0.5529722222222221
Model 4,12.5,1.5999999999999999,0.74536111111111
Model 4,13.0,1.5999999999999999,0.7795277777777774
Model 4,13.5,1.5999999999999999,0.8144722222222227
Model 4,14.0,1.5999999999999999,0.6646111111111119
Model 4,14.5,1.5999999999999999,0.42963888888888846
Model 4,15.0,1.5999999999999999,0.260722222222222
Model 4,8,1.7999999999999998,0.5650000000000001
Model 4,8.5,1.7999999999999998,0.5101111111111112
Model 4,9.5,1.7999999999999998,0.5375833333333336
Model 4,10.0,1.7999999999999998,0.9926388888888893
Model 4,10.5,1.7999999999999998,0.9452777777777781
Model 4,11.0,1.7999999999999998,1.039972222222222
Model 4,11.5,1.7999999999999998,0.8854722222222231
Model 4,12.0,1.7999999999999998,0.6925000000000003
Model 4,12.5,1.7999999999999998,0.46900000000000014
Model 4,13.0,1.7999999999999998,0.25080555555555567
Model 4,13.5,1.7999999999999998,0.1340833333333334
Model 4,14.5,1.7999999999999998,0.18461111111111114
Model 4,15.0,1.7999999999999998,0.63525
Model 4,8,1.9999999999999998,1.1266111111111117
Model 4,8.5,1.9999999999999998,1.2661666666666669
Model 4,9.0,1.9999999999999998,1.0933333333333333
Model 4,9.5,1.9999999999999998,0.9535833333333331
Model 4,10.0,1.9999999999999998,0.744583333333333
Model 4,10.5,1.9999999999999998,0.4237499999999997
Model 4,11.0,1.9999999999999998,0.24130555555555552
Model 4,12.0,1.9999999999999998,0.16825000000000007
Model 4,12.5,1.9999999999999998,0.7584722222222212
Model 4,13.0,1.9999999999999998,0.6680833333333326
Model 4,13.5,1.9999999999999998,0.8742222222222207
Model 4,14.0,1.9999999999999998,0.6939444444444435
Model 4,14.5,1.9999999999999998,0.5975277777777773
Model 4,15.0,1.9999999999999998,0.36466666666666686
Model 4,8,2.1999999999999997,0.6341944444444444
Model 4,8.5,2.1999999999999997,0.4865555555555562
Model 4,9.5,2.1999999999999997,0.06030555555555552
Model 4,10.0,2.1999999999999997,0.8777222222222223
Model 4,10.5,2.1999999999999997,0.9066388888888881
Model 4,11.0,2.1999999999999997,1.0773888888888883
Model 4,11.5,2.1999999999999997,0.9704722222222218
Model 4,12.0,2.1999999999999997,0.797555555555556
Model 4,12.5,2.1999999999999997,0.6175555555555562
Model 4,13.0,2.1999999999999997,0.3219722222222224
Model 4,13.5,2.1999999999999997,0.17105555555555554
Model 4,14.0,2.1999999999999997,0.27111111111111125
Model 4,15.0,2.1999999999999997,0.47947222222222297
Model 4,8,2.4,1.182555555555555
Model 4,8.5,2.4,1.2150833333333322
Model 4,9.0,2.4,1.2068888888888891
Model 4,9.5,2.4,1.0641666666666676
Model 4,10.0,2.4,0.8519444444444428
Model 4,10.5,2.4,0.5742222222222224
Model 4,11.0,2.4,0.34027777777777796
Model 4,11.5,2.4,0.3607222222222223
Model 4,12.5,2.4,0.4997777777777781
Model 4,13.0,2.4,0.7972222222222218
Model 4,13.5,2.4,0.7658611111111111
Model 4,14.0,2.4,0.835444444444444
Model 4,14.5,2.4,0.6562777777777775
Model 4,15.0,2.4,0.4265555555555559
Model 4,8,2.6,0.8437499999999994
Model 4,8.5,2.6,0.5610833333333334
Model 4,9.0,2.6,0.46419444444444463
Model 4,10.0,2.6,0.47302777777777766
Model 4,10.5,2.6,0.9975555555555544
Model 4,11.0,2.6,0.916277777777778
Model 4,11.5,2.6,1.0563055555555543
Model 4,12.0,2.6,0.8933888888888887
Model 4,12.5,2.6,0.7239999999999995
Model 4,13.0,2.6,0.47375
Model 4,13.5,2.6,0.25041666666666657
Model 4,14.0,2.6,0.1115277777777778
Model 4,15.0,2.6,0.16466666666666663
Model 4,8,2.8000000000000003,1.221805555555554
Model 4,8.5,2.8000000000000003,1.1199166666666664
Model 4,9.0,2.8000000000000003,1.3017777777777773
Model 4,9.5,2.8000000000000003,1.1039722222222215
Model 4,10.0,2.8000000000000003,0.9838611111111104
Model 4,10.5,2.8000000000000003,0.7461388888888887
Model 4,11.0,2.8000000000000003,0.4059444444444448
Model 4,11.5,2.8000000000000003,0.23808333333333334
Model 4,12.5,2.8000000000000003,0.12272222222222216
Model 4,13.0,2.8000000000000003,0.7093888888888892
Model 4,13.5,2.8000000000000003,0.6629722222222216
Model 4,14.0,2.8000000000000003,0.8886666666666662
Model 4,14.5,2.8000000000000003,0.7149166666666665
Model 4,15.0,2.8000000000000003,0.5824444444444443
