Model 1,8,0,0.8038611111111117
Model 1,8.5,0,0.5537222222222224
Model 1,9.0,0,0.36127777777777775
Model 1,9.5,0,0.37419444444444455
Model 1,10.5,0,0.5305277777777776
Model 1,11.0,0,0.728166666666667
Model 1,11.5,0,0.7413333333333325
Model 1,12.0,0,0.7835555555555558
Model 1,12.5,0,0.6376944444444456
Model 1,13.0,0,0.4376944444444449
Model 1,13.5,0,0.27441666666666675
Model 1,14.0,0,0.11516666666666665
Model 1,14.5,0,0.0925
Model 1,8,0.2,0.4944444444444446
Model 1,8.5,0.2,0.9428333333333333
Model 1,9.0,0.2,0.8964444444444442
Model 1,9.5,0.2,1.0010555555555565
Model 1,10.0,0.2,0.8475833333333348
Model 1,10.5,0.2,0.6843333333333329
Model 1,11.0,0.2,0.47705555555555584
Model 1,11.5,0.2,0.2646111111111113
Model 1,12.0,0.2,0.14277777777777784
Model 1,13.0,0.2,0.18572222222222212
Model 1,13.5,0.2,0.6127777777777775
Model 1,14.0,0.2,0.5166944444444446
Model 1,14.5,0.2,0.6556666666666663
Model 1,15.0,0.2,0.47702777777777783
Model 1,8,0.4,0.9118055555555555
Model 1,8.5,0.4,0.7275277777777782
Model 1,9.0,0.4,0.4410555555555552
Model 1,9.5,0.4,0.270027777777778
Model 1,10.5,0.4,0.14622222222222214
Model 1,11.0,0.4,0.7239722222222215
Model 1,11.5,0.4,0.6529166666666664
Model 1,12.0,0.4,0.8447777777777775
Model 1,12.5,0.4,0.6931944444444437
Model 1,13.0,0.4,0.5945555555555558
Model 1,13.5,0.4,0.3883611111111113
Model 1,14.0,0.4,0.16283333333333325
Model 1,14.5,0.4,0.09094444444444442
Model 1,8,0.6000000000000001,0.02755555555555554
Model 1,8.5,0.6000000000000001,0.8460555555555554
Model 1,9.0,0.6000000000000001,0.8998888888888881
Model 1,9.5,0.6000000000000001,1.032972222222222
Model 1,10.0,0.6000000000000001,0.9284166666666654
Model 1,10.5,0.6000000000000001,0.7755833333333328
Model 1,11.0,0.6000000000000001,0.6182499999999994
Model 1,11.5,0.6000000000000001,0.3543888888888886
Model 1,12.0,0.6000000000000001,0.1944722222222221
Model 1,12.5,0.6000000000000001,0.2711944444444445
Model 1,13.5,0.6000000000000001,0.47161111111111115
Model 1,14.0,0.6000000000000001,0.5803333333333334
Model 1,14.5,0.6000000000000001,0.5862499999999995
Model 1,15.0,0.6000000000000001,0.5902222222222224
Model 1,8,0.8,1.0246666666666662
Model 1,8.5,0.8,0.8228888888888893
Model 1,9.0,0.8,0.5906111111111116
Model 1,9.5,0.8,0.3775833333333328
Model 1,10.0,0.8,0.38808333333333306
Model 1,11.0,0.8,0.4829166666666665
Model 1,11.5,0.8,0.7892222222222233
Model 1,12.0,0.8,0.7586388888888891
Model 1,12.5,0.8,0.8199722222222223
Model 1,13.0,0.8,0.6591388888888892
Model 1,13.5,0.8,0.4613888888888885
Model 1,14.0,0.8,0.2941111111111108
Model 1,14.5,0.8,0.12230555555555567
Model 1,15.0,0.8,0.0774722222222222
Model 1,8.5,1.0,0.4524722222222224
Model 1,9.0,1.0,0.9742222222222229
Model 1,9.5,1.0,0.8864722222222228
Model 1,10.0,1.0,1.0339444444444437
Model 1,10.5,1.0,0.8664166666666665
Model 1,11.0,1.0,0.7264444444444449
Model 1,11.5,1.0,0.5139722222222225
Model 1,12.0,1.0,0.280861111111111
Model 1,12.5,1.0,0.13716666666666671
Model 1,13.5,1.0,0.16408333333333328
Model 1,14.0,1.0,0.6135555555555557
Model 1,14.5,1.0,0.49424999999999947
Model 1,15.0,1.0,0.6840000000000002
Model 1,8,1.2,1.0578611111111107
Model 1,8.5,1.2,0.9579444444444442
Model 1,9.0,1.2,0.7474166666666674
Model 1,9.5,1.2,0.4400277777777777
Model 1,10.0,1.2,0.28891666666666677
Model 1,11.0,1.2,0.10202777777777775
Model 1,11.5,1.2,0.7028888888888888
Model 1,12.0,1.2,0.6777499999999993
Model 1,12.5,1.2,0.8803888888888893
Model 1,13.0,1.2,0.7308333333333332
Model 1,13.5,1.2,0.6043611111111108
Model 1,14.0,1.2,0.40630555555555553
Model 1,14.5,1.2,0.1781111111111112
Model 1,15.0,1.2,0.09522222222222226
Model 1,8,1.4,0.6847500000000006
Model 1,9.0,1.4,0.8623888888888886
Model 1,9.5,1.4,0.9526111111111114
Model 1,10.0,1.4,1.0610555555555545
Model 1,10.5,1.4,0.9587222222222219
Model 1,11.0,1.4,0.8182222222222229
Model 1,11.5,1.4,0.6396111111111105
Model 1,12.0,1.4,0.36597222222222164
Model 1,12.5,1.4,0.2073333333333334
Model 1,13.0,1.4,0.237888888888889
Model 1,14.0,1.4,0.4227777777777776
Model 1,14.5,1.4,0.5833055555555556
Model 1,15.0,1.4,0.5831666666666668
Model 1,8,1.5999999999999999,1.1646111111111106
Model 1,8.5,1.5999999999999999,1.0503055555555567
Model 1,9.0,1.5999999999999999,0.832888888888888
Model 1,9.5,1.5999999999999999,0.6166666666666659
Model 1,10.0,1.5999999999999999,0.39077777777777745
Model 1,10.5,1.5999999999999999,0.35822222222222233
Model 1,11.5,1.5999999999999999,0.4470277777777775
Model 1,12.0,1.5999999999999999,0.8069999999999993
Model 1,12.5,1.5999999999999999,0.7497222222222217
Model 1,13.0,1.5999999999999999,0.8181666666666666
Model 1,13.5,1.5999999999999999,0.6754444444444443
Model 1,14.0,1.5999999999999999,0.4790833333333334
Model 1,14.5,1.5999999999999999,0.2995833333333334
Model 1,15.0,1.5999999999999999,0.1328888888888888
Model 1,8,1.7999999999999998,0.451916666666666
Model 1,9.0,1.7999999999999998,0.40963888888888883
Model 1,9.5,1.7999999999999998,1.0139166666666666
Model 1,10.0,1.7999999999999998,0.9051111111111116
Model 1,10.5,1.7999999999999998,1.0605833333333319
Model 1,11.0,1.7999999999999998,0.8889166666666658
Model 1,11.5,1.7999999999999998,0.7540833333333331
Model 1,12.0,1.7999999999999998,0.552222222222223
Model 1,12.5,1.7999999999999998,0.27202777777777765
Model 1,13.0,1.7999999999999998,0.12544444444444447
Model 1,14.0,1.7999999999999998,0.14033333333333337
Model 1,14.5,1.7999999999999998,0.5964444444444447
Model 1,15.0,1.7999999999999998,0.4767222222222224
Model 1,8,1.9999999999999998,1.2617222222222215
Model 1,8.5,1.9999999999999998,1.086972222222222
Model 1,9.0,1.9999999999999998,0.9916944444444442
Model 1,9.5,1.9999999999999998,0.7726388888888893
Model 1,10.0,1.9999999999999998,0.43341666666666645
Model 1,10.5,1.9999999999999998,0.30966666666666665
Model 1,11.5,1.9999999999999998,0.06561111111111109
Model 1,12.0,1.9999999999999998,0.683861111111111
Model 1,12.5,1.9999999999999998,0.6768333333333334
Model 1,13.0,1.9999999999999998,0.869722222222222
Model 1,13.5,1.9999999999999998,0.7527777777777778
Model 1,14.0,1.9999999999999998,0.6040833333333334
Model 1,14.5,1.9999999999999998,0.4134444444444444
Model 1,15.0,1.9999999999999998,0.18586111111111128
Model 1,8,2.1999999999999997,0.526611111111111
Model 1,8.5,2.1999999999999997,0.6644166666666663
Model 1,9.5,2.1999999999999997,0.8903888888888895
Model 1,10.0,2.1999999999999997,0.9694999999999997
Model 1,10.5,2.1999999999999997,1.0430833333333334
Model 1,11.0,2.1999999999999997,0.9929166666666663
Model 1,11.5,2.1999999999999997,0.8448333333333328
Model 1,12.0,2.1999999999999997,0.6465555555555558
Model 1,12.5,2.1999999999999997,0.37874999999999953
Model 1,13.0,2.1999999999999997,0.21033333333333337
Model 1,13.5,2.1999999999999997,0.22799999999999995
Model 1,14.5,2.1999999999999997,0.38391666666666663
Model 1,15.0,2.1999999999999997,0.5778055555555558
Model 1,8,2.4,1.171555555555556
Model 1,8.5,2.4,1.2141111111111107
Model 1,9.0,2.4,1.0672222222222223
Model 1,9.5,2.4,0.8572777777777784
Model 1,10.0,2.4,0.6301388888888889
Model 1,10.5,2.4,0.3726666666666665
Model 1,11.0,2.4,0.317277777777778
Model 1,12.0,2.4,0.38194444444444453
Model 1,12.5,2.4,0.7862777777777783
Model 1,13.0,2.4,0.7369722222222219
Model 1,13.5,2.4,0.8432499999999993
Model 1,14.0,2.4,0.6807222222222216
Model 1,14.5,2.4,0.5054166666666671
Model 1,15.0,2.4,0.30722222222222245
Model 1,8,2.6,0.6166111111111107
Model 1,8.5,2.6,0.42891666666666667
Model 1,9.5,2.6,0.3703055555555554
Model 1,10.0,2.6,1.0222222222222224
Model 1,10.5,2.6,0.9210833333333335
Model 1,11.0,2.6,1.073083333333334
Model 1,11.5,2.6,0.8921944444444447
Model 1,12.0,2.6,0.7473333333333331
Model 1,12.5,2.6,0.5453333333333331
Model 1,13.0,2.6,0.2590277777777779
Model 1,13.5,2.6,0.11975000000000002
Model 1,14.5,2.6,0.10044444444444443
Model 1,15.0,2.6,0.5613055555555556
Model 1,8,2.8000000000000003,1.0705277777777773
Model 1,8.5,2.8000000000000003,1.2751388888888882
Model 1,9.0,2.8000000000000003,1.1232777777777765
Model 1,9.5,2.8000000000000003,1.0121666666666664
Model 1,10.0,2.8000000000000003,0.7835833333333327
Model 1,10.5,2.8000000000000003,0.44419444444444434
Model 1,11.0,2.8000000000000003,0.3113333333333333
Model 1,12.0,2.8000000000000003,0.023222222222222214
Model 1,12.5,2.8000000000000003,0.6700555555555548
Model 1,13.0,2.8000000000000003,0.7210277777777779
Model 1,13.5,2.8000000000000003,0.8673888888888884
Model 1,14.0,2.8000000000000003,0.7539722222222222
Model 1,14.5,2.8000000000000003,0.5842499999999993
Model 1,15.0,2.8000000000000003,0.4153611111111113
Model 2,8,0,3.057916666666668
Model 2,8.5,0,2.3760277777777756
Model 2,9.0,0,1.3785555555555546
Model 2,9.5,0,0.8573055555555543
Model 2,10.5,0,0.1892777777777776
Model 2,11.0,0,2.1179722222222224
Model 2,11.5,0,2.1907777777777766
Model 2,12.0,0,2.72744444444444
Model 2,12.5,0,2.342583333333332
Model 2,13.0,0,1.8989444444444423
Model 2,13.5,0,1.291999999999999
Model 2,14.0,0,0.39769444444444413
Model 2,14.5,0,0.08161111111111118
Model 2,15.0,0,0.31591666666666685
Model 2,8.5,0.2,2.6043333333333343
Model 2,9.0,0.2,3.0228611111111094
Model 2,9.5,0.2,3.2384444444444425
Model 2,10.0,0.2,3.07886111111111
Model 2,10.5,0.2,2.6101111111111073
Model 2,11.0,0.2,2.007444444444443
Model 2,11.5,0.2,1.1765833333333318
Model 2,12.0,0.2,0.5067499999999998
Model 2,12.5,0.2,0.5418611111111108
Model 2,13.5,0.2,1.0643888888888882
Model 2,14.0,0.2,1.8322777777777783
Model 2,14.5,0.2,1.803916666666666
Model 2,15.0,0.2,1.9492499999999986
Model 2,8,0.4,3.334361111111111
Model 2,8.5,0.4,2.6648611111111076
Model 2,9.0,0.4,1.9901111111111098
Model 2,9.5,0.4,1.2183611111111106
Model 2,10.0,0.4,0.9572500000000003
Model 2,11.0,0.4,1.172916666666666
Model 2,11.5,0.4,2.5317777777777772
Model 2,12.0,0.4,2.318611111111111
Model 2,12.5,0.4,2.669277777777777
Model 2,13.0,0.4,2.147805555555556
Model 2,13.5,0.4,1.6124999999999987
Model 2,14.0,0.4,0.9358333333333342
Model 2,14.5,0.4,0.20863888888888887
Model 2,15.0,0.4,0.035083333333333334
Model 2,8.5,0.6000000000000001,1.126916666666666
Model 2,9.0,0.6000000000000001,3.157611111111108
Model 2,9.5,0.6000000000000001,2.841388888888889
Model 2,10.0,0.6000000000000001,3.3857499999999976
Model 2,10.5,0.6000000000000001,2.819722222222223
Model 2,11.0,0.6000000000000001,2.4095833333333325
Model 2,11.5,0.6000000000000001,1.7734722222222215
Model 2,12.0,0.6000000000000001,0.7879999999999998
Model 2,12.5,0.6000000000000001,0.25100000000000006
Model 2,13.5,0.6000000000000001,0.26480555555555546
Model 2,14.0,0.6000000000000001,1.7432777777777773
Model 2,14.5,0.6000000000000001,1.5545555555555557
Model 2,15.0,0.6000000000000001,2.1778888888888877
Model 2,8,0.8,3.5217499999999946
Model 2,8.5,0.8,3.1569166666666635
Model 2,9.0,0.8,2.4871666666666643
Model 2,9.5,0.8,1.4731111111111104
Model 2,10.0,0.8,0.9915
Model 2,11.0,0.8,0.1111666666666666
Model 2,11.5,0.8,2.1250833333333325
Model 2,12.0,0.8,2.2992222222222214
Model 2,12.5,0.8,2.746249999999998
Model 2,13.0,0.8,2.4489444444444377
Model 2,13.5,0.8,1.9778333333333322
Model 2,14.0,0.8,1.3929722222222223
Model 2,14.5,0.8,0.49649999999999966
Model 2,15.0,0.8,0.09088888888888892
Model 2,8,1.0,1.9607499999999984
Model 2,9.0,1.0,2.6227499999999986
Model 2,9.5,1.0,3.1030833333333327
Model 2,10.0,1.0,3.21244444444444
Model 2,10.5,1.0,3.1845000000000003
Model 2,11.0,1.0,2.723388888888886
Model 2,11.5,1.0,2.0837499999999984
Model 2,12.0,1.0,1.3120555555555562
Model 2,12.5,1.0,0.5808888888888896
Model 2,13.0,1.0,0.5497222222222224
Model 2,14.0,1.0,1.0008611111111112
Model 2,14.5,1.0,1.907527777777776
Model 2,15.0,1.0,1.8416111111111109
Model 2,8,1.2,3.9165555555555556
Model 2,8.5,1.2,3.401666666666664
Model 2,9.0,1.2,2.778527777777774
Model 2,9.5,1.2,2.1054444444444425
Model 2,10.0,1.2,1.2915555555555531
Model 2,10.5,1.2,0.9267499999999999
Model 2,11.5,1.2,1.0636111111111097
Model 2,12.0,1.2,2.5668055555555545
Model 2,12.5,1.2,2.3389722222222193
Model 2,13.0,1.2,2.773749999999999
Model 2,13.5,1.2,2.23447222222222
Model 2,14.0,1.2,1.753666666666667
Model 2,14.5,1.2,1.0592499999999987
Model 2,15.0,1.2,0.2488888888888888
Model 2,8,1.4,1.4453888888888908
Model 2,9.0,1.4,1.0163333333333329
Model 2,9.5,1.4,3.181305555555553
Model 2,10.0,1.4,2.9047222222222215
Model 2,10.5,1.4,3.4579166666666663
Model 2,11.0,1.4,2.894000000000001
Model 2,11.5,1.4,2.5046666666666626
Model 2,12.0,1.4,1.8546666666666627
Model 2,12.5,1.4,0.8482222222222215
Model 2,13.0,1.4,0.3002500000000001
Model 2,14.0,1.4,0.18333333333333324
Model 2,14.5,1.4,1.7101944444444437
Model 2,15.0,1.4,1.648249999999998
Model 2,8,1.5999999999999999,4.073305555555553
Model 2,8.5,1.5999999999999999,3.636333333333335
Model 2,9.0,1.5999999999999999,3.244388888888885
Model 2,9.5,1.5999999999999999,2.597083333333337
Model 2,10.0,1.5999999999999999,1.6110833333333334
Model 2,10.5,1.5999999999999999,1.0939444444444437
Model 2,11.5,1.5999999999999999,0.032416666666666656
Model 2,12.0,1.5999999999999999,2.148472222222221
Model 2,12.5,1.5999999999999999,2.4582499999999983
Model 2,13.0,1.5999999999999999,2.7827499999999987
Model 2,13.5,1.5999999999999999,2.544472222222221
Model 2,14.0,1.5999999999999999,2.059416666666665
Model 2,14.5,1.5999999999999999,1.4909722222222215
Model 2,15.0,1.5999999999999999,0.5823333333333336
Model 2,8,1.7999999999999998,1.7869166666666665
Model 2,8.5,1.7999999999999998,1.9043888888888887
Model 2,9.5,1.7999999999999998,2.5585833333333325
Model 2,10.0,1.7999999999999998,3.1796666666666686
Model 2,10.5,1.7999999999999998,3.1831388888888914
Model 2,11.0,1.7999999999999998,3.2759166666666673
Model 2,11.5,1.7999999999999998,2.8247499999999985
Model 2,12.0,1.7999999999999998,2.156333333333331
Model 2,12.5,1.7999999999999998,1.4359999999999988
Model 2,13.0,1.7999999999999998,0.6152500000000003
Model 2,13.5,1.7999999999999998,0.5251944444444444
Model 2,14.5,1.7999999999999998,0.9060277777777778
Model 2,15.0,1.7999999999999998,2.038388888888889
Model 2,8,1.9999999999999998,3.7219166666666674
Model 2,8.5,1.9999999999999998,4.013472222222225
Model 2,9.0,1.9999999999999998,3.4771666666666627
Model 2,9.5,1.9999999999999998,2.892333333333332
Model 2,10.0,1.9999999999999998,2.219611111111109
Model 2,10.5,1.9999999999999998,1.393666666666668
Model 2,11.0,1.9999999999999998,0.8787777777777779
Model 2,12.0,1.9999999999999998,0.9798055555555556
Model 2,12.5,1.9999999999999998,2.6472499999999974
Model 2,13.0,1.9999999999999998,2.349499999999999
Model 2,13.5,1.9999999999999998,2.871527777777776
Model 2,14.0,1.9999999999999998,2.3045833333333308
Model 2,14.5,1.9999999999999998,1.8769999999999998
Model 2,15.0,1.9999999999999998,1.1894722222222223
Model 2,8,2.1999999999999997,2.1342499999999998
Model 2,8.5,2.1999999999999997,1.5125833333333316
Model 2,9.5,2.1999999999999997,0.8780555555555543
Model 2,10.0,2.1999999999999997,3.180138888888887
Model 2,10.5,2.1999999999999997,2.9208333333333343
Model 2,11.0,2.1999999999999997,3.539944444444441
Model 2,11.5,2.1999999999999997,2.9825555555555536
Model 2,12.0,2.1999999999999997,2.626277777777776
Model 2,12.5,2.1999999999999997,1.9436944444444462
Model 2,13.0,2.1999999999999997,0.874388888888889
Model 2,13.5,2.1999999999999997,0.33497222222222234
Model 2,14.5,2.1999999999999997,0.10266666666666666
Model 2,15.0,2.1999999999999997,1.685138888888889
Model 2,8,2.4,3.6008333333333313
Model 2,8.5,2.4,4.140472222222223
Model 2,9.0,2.4,3.7530833333333358
Model 2,9.5,2.4,3.311166666666665
Model 2,10.0,2.4,2.7021388888888866
Model 2,10.5,2.4,1.749333333333335
Model 2,11.0,2.4,1.170499999999999
Model 2,11.5,2.4,1.5326388888888887
Model 2,12.5,2.4,2.1750555555555535
Model 2,13.0,2.4,2.590166666666664
Model 2,13.5,2.4,2.8096111111111104
Model 2,14.0,2.4,2.646527777777775
Model 2,14.5,2.4,2.1764444444444444
Model 2,15.0,2.4,1.5769722222222209
Model 2,8,2.6,2.586666666666665
Model 2,8.5,2.6,1.8944444444444417
Model 2,9.0,2.6,1.885611111111112
Model 2,10.0,2.6,2.414805555555554
Model 2,10.5,2.6,3.245305555555558
Model 2,11.0,2.6,3.2156666666666607
Model 2,11.5,2.6,3.3589444444444414
Model 2,12.0,2.6,2.9049166666666664
Model 2,12.5,2.6,2.2332777777777757
Model 2,13.0,2.6,1.5412222222222218
Model 2,13.5,2.6,0.633388888888889
Model 2,14.0,2.6,0.4399166666666665
Model 2,15.0,2.6,0.8231944444444439
Model 2,8,2.8000000000000003,3.9454722222222225
Model 2,8.5,2.8000000000000003,3.732999999999997
Model 2,9.0,2.8000000000000003,4.081472222222225
Model 2,9.5,2.8000000000000003,3.5593055555555577
Model 2,10.0,2.8000000000000003,3.021138888888885
Model 2,10.5,2.8000000000000003,2.3379722222222172
Model 2,11.0,2.8000000000000003,1.5092499999999984
Model 2,11.5,2.8000000000000003,0.8130277777777777
Model 2,12.5,2.8000000000000003,0.8923611111111106
Model 2,13.0,2.8000000000000003,2.7268888888888867
Model 2,13.5,2.8000000000000003,2.4102777777777753
Model 2,14.0,2.8000000000000003,2.955333333333331
Model 2,14.5,2.8000000000000003,2.388611111111108
Model 2,15.0,2.8000000000000003,1.9762777777777742
Model 3,8,0,0.8135555555555555
Model 3,8.5,0,0.6123888888888882
Model 3,9.0,0,0.38808333333333306
Model 3,9.5,0,0.26138888888888867
Model 3,10.5,0,0.27974999999999983
Model 3,11.0,0,0.7657777777777776
Model 3,11.5,0,0.6581944444444443
Model 3,12.0,0,0.804222222222223
Model 3,12.5,0,0.6376111111111118
Model 3,13.0,0,0.5102777777777785
Model 3,13.5,0,0.34102777777777765
Model 3,14.0,0,0.14038888888888892
Model 3,14.5,0,0.046527777777777786
Model 3,8,0.2,0.2438055555555555
Model 3,8.5,0.2,0.9154166666666673
Model 3,9.0,0.2,0.8099722222222218
Model 3,9.5,0.2,1.0070833333333333
Model 3,10.0,0.2,0.835833333333334
Model 3,10.5,0.2,0.7379444444444451
Model 3,11.0,0.2,0.5348055555555552
Model 3,11.5,0.2,0.25816666666666666
Model 3,12.0,0.2,0.16622222222222216
Model 3,13.0,0.2,0.04302777777777779
Model 3,13.5,0.2,0.47174999999999984
Model 3,14.0,0.2,0.4663333333333337
Model 3,14.5,0.2,0.6341666666666663
Model 3,15.0,0.2,0.5237499999999997
Model 3,8,0.4,0.9375555555555558
Model 3,8.5,0.4,0.7631666666666672
Model 3,9.0,0.4,0.47947222222222247
Model 3,9.5,0.4,0.32783333333333337
Model 3,10.0,0.4,0.450916666666667
Model 3,11.0,0.4,0.6528055555555559
Model 3,11.5,0.4,0.7282499999999998
Model 3,12.0,0.4,0.7881666666666668
Model 3,12.5,0.4,0.7408333333333337
Model 3,13.0,0.4,0.6030833333333334
Model 3,13.5,0.4,0.42486111111111075
Model 3,14.0,0.4,0.22077777777777796
Model 3,14.5,0.4,0.10380555555555555
Model 3,15.0,0.4,0.12211111111111118
Model 3,8.5,0.6000000000000001,0.6860833333333335
Model 3,9.0,0.6000000000000001,0.9051111111111106
Model 3,9.5,0.6000000000000001,0.9200277777777782
Model 3,10.0,0.6000000000000001,0.96236111111111
Model 3,10.5,0.6000000000000001,0.8171944444444439
Model 3,11.0,0.6000000000000001,0.6154166666666656
Model 3,11.5,0.6000000000000001,0.4245833333333332
Model 3,12.0,0.6000000000000001,0.21783333333333335
Model 3,12.5,0.6000000000000001,0.1778611111111111
Model 3,13.5,0.6000000000000001,0.24558333333333338
Model 3,14.0,0.6000000000000001,0.5726111111111108
Model 3,14.5,0.6000000000000001,0.5160277777777778
Model 3,15.0,0.6000000000000001,0.6189166666666667
Model 3,8,0.8,1.020861111111111
Model 3,8.5,0.8,0.8648333333333331
Model 3,9.0,0.8,0.6489444444444437
Model 3,9.5,0.8,0.41313888888888944
Model 3,10.0,0.8,0.2608055555555555
Model 3,11.0,0.8,0.2629166666666666
Model 3,11.5,0.8,0.7777777777777786
Model 3,12.0,0.8,0.6875277777777778
Model 3,12.5,0.8,0.8290555555555553
Model 3,13.0,0.8,0.652555555555555
Model 3,13.5,0.8,0.5302777777777775
Model 3,14.0,0.8,0.3468055555555555
Model 3,14.5,0.8,0.14350000000000002
Model 3,15.0,0.8,0.05141666666666666
Model 3,8.5,1.0,0.18952777777777777
Model 3,9.0,1.0,0.899722222222222
Model 3,9.5,1.0,0.8302222222222226
Model 3,10.0,1.0,1.0230833333333325
Model 3,10.5,1.0,0.8726944444444448
Model 3,11.0,1.0,0.7740277777777766
Model 3,11.5,1.0,0.5620000000000002
Model 3,12.0,1.0,0.2802777777777776
Model 3,12.5,1.0,0.1784166666666666
Model 3,13.5,1.0,0.0135
Model 3,14.0,1.0,0.46897222222222196
Model 3,14.5,1.0,0.5242499999999997
Model 3,15.0,1.0,0.6470000000000002
Model 3,8,1.2,1.100611111111111
Model 3,8.5,1.2,0.9500555555555554
Model 3,9.0,1.2,0.7986111111111109
Model 3,9.5,1.2,0.5173611111111107
Model 3,10.0,1.2,0.32874999999999993
Model 3,10.5,1.2,0.4072499999999997
Model 3,11.5,1.2,0.6384722222222221
Model 3,12.0,1.2,0.7447500000000006
Model 3,12.5,1.2,0.7585277777777771
Model 3,13.0,1.2,0.7643333333333332
Model 3,13.5,1.2,0.6384166666666675
Model 3,14.0,1.2,0.43080555555555516
Model 3,14.5,1.2,0.2375833333333332
Model 3,15.0,1.2,0.10544444444444447
Model 3,8,1.4,0.5498888888888891
Model 3,9.0,1.4,0.6268333333333336
Model 3,9.5,1.4,0.9650833333333336
Model 3,10.0,1.4,0.9368611111111115
Model 3,10.5,1.4,0.9983888888888893
Model 3,11.0,1.4,0.8387500000000003
Model 3,11.5,1.4,0.6384722222222221
Model 3,12.0,1.4,0.4418333333333335
Model 3,12.5,1.4,0.22394444444444445
Model 3,13.0,1.4,0.15483333333333338
Model 3,14.0,1.4,0.21997222222222215
Model 3,14.5,1.4,0.5971111111111107
Model 3,15.0,1.4,0.49319444444444466
Model 3,8,1.5999999999999999,1.2049166666666657
Model 3,8.5,1.5999999999999999,1.0391666666666666
Model 3,9.0,1.5999999999999999,0.9052222222222214
Model 3,9.5,1.5999999999999999,0.6878888888888884
Model 3,10.0,1.5999999999999999,0.4283333333333334
Model 3,10.5,1.5999999999999999,0.2509722222222222
Model 3,11.5,1.5999999999999999,0.23125000000000007
Model 3,12.0,1.5999999999999999,0.775916666666666
Model 3,12.5,1.5999999999999999,0.6619166666666662
Model 3,13.0,1.5999999999999999,0.8556388888888891
Model 3,13.5,1.5999999999999999,0.6662499999999997
Model 3,14.0,1.5999999999999999,0.5599166666666663
Model 3,14.5,1.5999999999999999,0.3434722222222223
Model 3,15.0,1.5999999999999999,0.13563888888888892
Model 3,8,1.7999999999999998,0.4449166666666664
Model 3,9.0,1.7999999999999998,0.13205555555555548
Model 3,9.5,1.7999999999999998,0.8781944444444449
Model 3,10.0,1.7999999999999998,0.8548333333333331
Model 3,10.5,1.7999999999999998,1.0578888888888889
Model 3,11.0,1.7999999999999998,0.9113055555555546
Model 3,11.5,1.7999999999999998,0.7836111111111108
Model 3,12.0,1.7999999999999998,0.5822222222222222
Model 3,12.5,1.7999999999999998,0.2962777777777776
Model 3,13.0,1.7999999999999998,0.18377777777777765
Model 3,13.5,1.7999999999999998,0.3137222222222222
Model 3,14.5,1.7999999999999998,0.46802777777777776
Model 3,15.0,1.7999999999999998,0.56125
Model 3,8,1.9999999999999998,1.2315555555555557
Model 3,8.5,1.9999999999999998,1.1310833333333328
Model 3,9.0,1.9999999999999998,0.992972222222222
Model 3,9.5,1.9999999999999998,0.8203055555555553
Model 3,10.0,1.9999999999999998,0.528472222222223
Model 3,10.5,1.9999999999999998,0.3377499999999999
Model 3,11.0,1.9999999999999998,0.3632222222222222
Model 3,12.0,1.9999999999999998,0.5802777777777778
Model 3,12.5,1.9999999999999998,0.7421111111111114
Model 3,13.0,1.9999999999999998,0.755111111111111
Model 3,13.5,1.9999999999999998,0.763777777777778
Model 3,14.0,1.9999999999999998,0.6455555555555557
Model 3,14.5,1.9999999999999998,0.41380555555555576
Model 3,15.0,1.9999999999999998,0.24677777777777776
Model 3,8,2.1999999999999997,0.5586944444444446
Model 3,8.5,2.1999999999999997,0.5171944444444444
Model 3,9.5,2.1999999999999997,0.5735277777777776
Model 3,10.0,2.1999999999999997,0.9813333333333341
Model 3,10.5,2.1999999999999997,0.9264722222222231
Model 3,11.0,2.1999999999999997,0.9978611111111109
Model 3,11.5,2.1999999999999997,0.8548333333333338
Model 3,12.0,2.1999999999999997,0.6565
Model 3,12.5,2.1999999999999997,0.4463333333333337
Model 3,13.0,2.1999999999999997,0.23211111111111093
Model 3,13.5,2.1999999999999997,0.13183333333333333
Model 3,14.5,2.1999999999999997,0.19102777777777782
Model 3,15.0,2.1999999999999997,0.6151111111111115
Model 3,8,2.4,1.0784722222222223
Model 3,8.5,2.4,1.2305277777777779
Model 3,9.0,2.4,1.061749999999999
Model 3,9.5,2.4,0.930555555555556
Model 3,10.0,2.4,0.7277777777777785
Model 3,10.5,2.4,0.41369444444444475
Model 3,11.0,2.4,0.22808333333333342
Model 3,12.0,2.4,0.19327777777777777
Model 3,12.5,2.4,0.7564166666666662
Model 3,13.0,2.4,0.6408333333333325
Model 3,13.5,2.4,0.8536666666666665
Model 3,14.0,2.4,0.6707499999999996
Model 3,14.5,2.4,0.5669722222222222
Model 3,15.0,2.4,0.346861111111111
Model 3,8,2.6,0.5999722222222224
Model 3,8.5,2.6,0.46480555555555547
Model 3,9.5,2.6,0.08327777777777773
Model 3,10.0,2.6,0.8574444444444441
Model 3,10.5,2.6,0.852527777777778
Model 3,11.0,2.6,1.0466666666666657
Model 3,11.5,2.6,0.9324444444444437
Model 3,12.0,2.6,0.7814166666666663
Model 3,12.5,2.6,0.5881944444444452
Model 3,13.0,2.6,0.2985833333333334
Model 3,13.5,2.6,0.16386111111111112
Model 3,14.0,2.6,0.2891111111111114
Model 3,15.0,2.6,0.47849999999999976
Model 3,8,2.8000000000000003,1.141944444444444
Model 3,8.5,2.8000000000000003,1.2121388888888873
Model 3,9.0,2.8000000000000003,1.1654722222222214
Model 3,9.5,2.8000000000000003,1.0195555555555567
Model 3,10.0,2.8000000000000003,0.8214722222222217
Model 3,10.5,2.8000000000000003,0.5447777777777779
Model 3,11.0,2.8000000000000003,0.33344444444444443
Model 3,11.5,2.8000000000000003,0.35013888888888894
Model 3,12.5,2.8000000000000003,0.5280833333333339
Model 3,13.0,2.8000000000000003,0.7310833333333333
Model 3,13.5,2.8000000000000003,0.7469166666666667
Model 3,14.0,2.8000000000000003,0.7919166666666665
Model 3,14.5,2.8000000000000003,0.6344722222222212
Model 3,15.0,2.8000000000000003,0.41172222222222243
Model 4,8,0,0.8088611111111101
Model 4,8.5,0,0.5606388888888888
Model 4,9.0,0,0.3662222222222221
Model 4,9.5,0,0.37924999999999986
Model 4,10.5,0,0.5269722222222222
Model 4,11.0,0,0.7452499999999996
Model 4,11.5,0,0.7446666666666667
Model 4,12.0,0,0.7973333333333336
Model 4,12.5,0,0.6418055555555555
Model 4,13.0,0,0.44422222222222263
Model 4,13.5,0,0.2805
Model 4,14.0,0,0.11655555555555559
Model 4,14.5,0,0.09141666666666666
Model 4,8,0.2,0.4829166666666669
Model 4,8.5,0.2,0.9505555555555556
Model 4,9.0,0.2,0.8892777777777778
Model 4,9.5,0.2,1.0120000000000002
Model 4,10.0,0.2,0.8524444444444442
Model 4,10.5,0.2,0.6948055555555553
Model 4,11.0,0.2,0.4841944444444445
Model 4,11.5,0.2,0.269138888888889
Model 4,12.0,0.2,0.1438333333333333
Model 4,13.0,0.2,0.18097222222222212
Model 4,13.5,0.2,0.6108333333333336
Model 4,14.0,0.2,0.5173611111111113
Model 4,14.5,0.2,0.6624999999999998
Model 4,15.0,0.2,0.4788055555555556
Model 4,8,0.4,0.9283611111111109
Model 4,8.5,0.4,0.7315555555555565
Model 4,9.0,0.4,0.4460277777777776
Model 4,9.5,0.4,0.27597222222222245
Model 4,10.5,0.4,0.1404444444444444
Model 4,11.0,0.4,0.7201666666666664
Model 4,11.5,0.4,0.6578611111111111
Model 4,12.0,0.4,0.8535833333333336
Model 4,12.5,0.4,0.703277777777778
Model 4,13.0,0.4,0.5976388888888895
Model 4,13.5,0.4,0.3892777777777777
Model 4,14.0,0.4,0.1656666666666668
Model 4,14.5,0.4,0.09225000000000003
Model 4,8,0.6000000000000001,0.010500000000000002
Model 4,8.5,0.6000000000000001,0.8491388888888889
Model 4,9.0,0.6000000000000001,0.9133888888888885
Model 4,9.5,0.6000000000000001,1.043083333333333
Model 4,10.0,0.6000000000000001,0.9338611111111099
Model 4,10.5,0.6000000000000001,0.7803333333333334
Model 4,11.0,0.6000000000000001,0.6252500000000003
Model 4,11.5,0.6000000000000001,0.35788888888888887
Model 4,12.0,0.6000000000000001,0.1974444444444443
Model 4,12.5,0.6000000000000001,0.2661111111111112
Model 4,13.5,0.6000000000000001,0.4662777777777781
Model 4,14.0,0.6000000000000001,0.5868055555555554
Model 4,14.5,0.6000000000000001,0.5864444444444441
Model 4,15.0,0.6000000000000001,0.5912777777777778
Model 4,8,0.8,1.0365000000000009
Model 4,8.5,0.8,0.8271666666666667
Model 4,9.0,0.8,0.5979999999999998
Model 4,9.5,0.8,0.388472222222222
Model 4,10.0,0.8,0.38397222222222177
Model 4,11.0,0.8,0.47733333333333344
Model 4,11.5,0.8,0.798916666666668
Model 4,12.0,0.8,0.7606111111111118
Model 4,12.5,0.8,0.8254999999999998
Model 4,13.0,0.8,0.6655833333333336
Model 4,13.5,0.8,0.4620000000000001
Model 4,14.0,0.8,0.29650000000000004
Model 4,14.5,0.8,0.12458333333333343
Model 4,15.0,0.8,0.07691666666666666
Model 4,8.5,1.0,0.437888888888889
Model 4,9.0,1.0,0.9844722222222214
Model 4,9.5,1.0,0.8886666666666667
Model 4,10.0,1.0,1.0418055555555543
Model 4,10.5,1.0,0.8704722222222218
Model 4,11.0,1.0,0.7323888888888883
Model 4,11.5,1.0,0.5228888888888892
Model 4,12.0,1.0,0.28549999999999975
Model 4,12.5,1.0,0.13611111111111115
Model 4,13.5,1.0,0.16361111111111118
Model 4,14.0,1.0,0.6142500000000003
Model 4,14.5,1.0,0.4912777777777775
Model 4,15.0,1.0,0.6885555555555555
Model 4,8,1.2,1.0686944444444444
Model 4,8.5,1.2,0.96811111111111
Model 4,9.0,1.2,0.753333333333334
Model 4,9.5,1.2,0.44402777777777763
Model 4,10.0,1.2,0.29863888888888873
Model 4,11.0,1.2,0.0946111111111111
Model 4,11.5,1.2,0.6954166666666665
Model 4,12.0,1.2,0.6841388888888883
Model 4,12.5,1.2,0.8837222222222221
Model 4,13.0,1.2,0.7406388888888891
Model 4,13.5,1.2,0.6037499999999997
Model 4,14.0,1.2,0.4117499999999996
Model 4,14.5,1.2,0.18050000000000008
Model 4,15.0,1.2,0.09622222222222221
Model 4,8,1.4,0.6872500000000002
Model 4,9.0,1.4,0.8680833333333327
Model 4,9.5,1.4,0.9577777777777776
Model 4,10.0,1.4,1.0664722222222218
Model 4,10.5,1.4,0.9690555555555547
Model 4,11.0,1.4,0.828361111111112
Model 4,11.5,1.4,0.6455833333333331
Model 4,12.0,1.4,0.3726944444444437
Model 4,12.5,1.4,0.21052777777777787
Model 4,13.0,1.4,0.23708333333333334
Model 4,14.0,1.4,0.4199722222222225
Model 4,14.5,1.4,0.5879722222222213
Model 4,15.0,1.4,0.5937777777777777
Model 4,8,1.5999999999999999,1.1818055555555556
Model 4,8.5,1.5999999999999999,1.0595555555555567
Model 4,9.0,1.5999999999999999,0.8406388888888887
Model 4,9.5,1.5999999999999999,0.6234999999999992
Model 4,10.0,1.5999999999999999,0.39249999999999924
Model 4,10.5,1.5999999999999999,0.35408333333333364
Model 4,11.5,1.5999999999999999,0.4355555555555557
Model 4,12.0,1.5999999999999999,0.8063888888888882
Model 4,12.5,1.5999999999999999,0.7533055555555545
Model 4,13.0,1.5999999999999999,0.8266944444444435
Model 4,13.5,1.5999999999999999,0.6780555555555551
Model 4,14.0,1.5999999999999999,0.48702777777777806
Model 4,14.5,1.5999999999999999,0.30413888888888885
Model 4,15.0,1.5999999999999999,0.13513888888888884
Model 4,8,1.7999999999999998,0.4535000000000001
Model 4,9.0,1.7999999999999998,0.4028333333333331
Model 4,9.5,1.7999999999999998,1.0241388888888898
Model 4,10.0,1.7999999999999998,0.914833333333333
Model 4,10.5,1.7999999999999998,1.065694444444443
Model 4,11.0,1.7999999999999998,0.8980833333333325
Model 4,11.5,1.7999999999999998,0.7568055555555552
Model 4,12.0,1.7999999999999998,0.5581666666666667
Model 4,12.5,1.7999999999999998,0.27374999999999994
Model 4,13.0,1.7999999999999998,0.12716666666666668
Model 4,14.0,1.7999999999999998,0.13694444444444442
Model 4,14.5,1.7999999999999998,0.602277777777778
Model 4,15.0,1.7999999999999998,0.4814166666666668
Model 4,8,1.9999999999999998,1.2696111111111108
Model 4,8.5,1.9999999999999998,1.100416666666666
Model 4,9.0,1.9999999999999998,1.0053611111111105
Model 4,9.5,1.9999999999999998,0.7836111111111111
Model 4,10.0,1.9999999999999998,0.44158333333333316
Model 4,10.5,1.9999999999999998,0.3171944444444447
Model 4,11.5,1.9999999999999998,0.057027777777777774
Model 4,12.0,1.9999999999999998,0.6862222222222223
Model 4,12.5,1.9999999999999998,0.6875277777777784
Model 4,13.0,1.9999999999999998,0.8759166666666658
Model 4,13.5,1.9999999999999998,0.7575833333333339
Model 4,14.0,1.9999999999999998,0.6069444444444444
Model 4,14.5,1.9999999999999998,0.41933333333333317
Model 4,15.0,1.9999999999999998,0.18963888888888894
Model 4,8,2.1999999999999997,0.5288888888888886
Model 4,8.5,2.1999999999999997,0.6586666666666666
Model 4,9.5,2.1999999999999997,0.8901111111111114
Model 4,10.0,2.1999999999999997,0.9772777777777775
Model 4,10.5,2.1999999999999997,1.0414722222222221
Model 4,11.0,2.1999999999999997,1.0034444444444441
Model 4,11.5,2.1999999999999997,0.8530833333333327
Model 4,12.0,2.1999999999999997,0.6519444444444448
Model 4,12.5,2.1999999999999997,0.3845833333333333
Model 4,13.0,2.1999999999999997,0.21266666666666667
Model 4,13.5,2.1999999999999997,0.2303055555555556
Model 4,14.5,2.1999999999999997,0.3826111111111111
Model 4,15.0,2.1999999999999997,0.5908333333333334
Model 4,8,2.4,1.1792499999999992
Model 4,8.5,2.4,1.2317222222222217
Model 4,9.0,2.4,1.074888888888888
Model 4,9.5,2.4,0.8675555555555563
Model 4,10.0,2.4,0.6395555555555557
Model 4,10.5,2.4,0.37722222222222246
Model 4,11.0,2.4,0.31238888888888894
Model 4,12.0,2.4,0.37227777777777765
Model 4,12.5,2.4,0.7929722222222221
Model 4,13.0,2.4,0.7237500000000002
Model 4,13.5,2.4,0.854611111111111
Model 4,14.0,2.4,0.6851666666666669
Model 4,14.5,2.4,0.5165833333333333
Model 4,15.0,2.4,0.31150000000000017
Model 4,8,2.6,0.6228888888888884
Model 4,8.5,2.6,0.43400000000000005
Model 4,9.5,2.6,0.3591944444444445
Model 4,10.0,2.6,1.0219444444444445
Model 4,10.5,2.6,0.9252777777777769
Model 4,11.0,2.6,1.0860000000000005
Model 4,11.5,2.6,0.8976388888888891
Model 4,12.0,2.6,0.7633611111111115
Model 4,12.5,2.6,0.5482777777777774
Model 4,13.0,2.6,0.2625
Model 4,13.5,2.6,0.12361111111111114
Model 4,14.5,2.6,0.09911111111111114
Model 4,15.0,2.6,0.5562222222222225
Model 4,8,2.8000000000000003,1.0803055555555545
Model 4,8.5,2.8000000000000003,1.2874166666666662
Model 4,9.0,2.8000000000000003,1.1376666666666675
Model 4,9.5,2.8000000000000003,1.018666666666667
Model 4,10.0,2.8000000000000003,0.7870277777777768
Model 4,10.5,2.8000000000000003,0.4498888888888893
Model 4,11.0,2.8000000000000003,0.3161388888888887
Model 4,12.0,2.8000000000000003,0.009666666666666667
Model 4,12.5,2.8000000000000003,0.6730555555555555
Model 4,13.0,2.8000000000000003,0.7359722222222219
Model 4,13.5,2.8000000000000003,0.8771944444444449
Model 4,14.0,2.8000000000000003,0.7589444444444441
Model 4,14.5,2.8000000000000003,0.5879166666666661
Model 4,15.0,2.8000000000000003,0.4189999999999997
