Model 1,8,0,0.6571111111111119
Model 1,8.5,0,0.41738888888888903
Model 1,9.0,0,0.3767222222222222
Model 1,10.0,0,0.426277777777778
Model 1,10.5,0,0.8182777777777777
Model 1,11.0,0,0.7692222222222221
Model 1,11.5,0,0.8552222222222212
Model 1,12.0,0,0.7023055555555551
Model 1,12.5,0,0.5271111111111114
Model 1,13.0,0,0.3380555555555555
Model 1,13.5,0,0.16438888888888897
Model 1,14.0,0,0.08175000000000002
Model 1,15.0,0,0.13188888888888892
Model 1,8,0.2,1.048527777777777
Model 1,8.5,0.2,0.9463611111111117
Model 1,9.0,0.2,1.0829999999999989
Model 1,9.5,0.2,0.9141944444444445
Model 1,10.0,0.2,0.7761944444444441
Model 1,10.5,0.2,0.5826388888888895
Model 1,11.0,0.2,0.30530555555555555
Model 1,11.5,0.2,0.16008333333333324
Model 1,12.5,0.2,0.13449999999999995
Model 1,13.0,0.2,0.6110555555555557
Model 1,13.5,0.2,0.524666666666667
Model 1,14.0,0.2,0.7108055555555557
Model 1,14.5,0.2,0.5406388888888888
Model 1,15.0,0.2,0.4531666666666672
Model 1,8,0.4,0.8119722222222219
Model 1,8.5,0.4,0.48849999999999993
Model 1,9.0,0.4,0.35999999999999993
Model 1,10.0,0.4,0.049333333333333326
Model 1,10.5,0.4,0.7137777777777771
Model 1,11.0,0.4,0.7375833333333323
Model 1,11.5,0.4,0.8984166666666664
Model 1,12.0,0.4,0.790583333333334
Model 1,12.5,0.4,0.6343888888888898
Model 1,13.0,0.4,0.4710833333333334
Model 1,13.5,0.4,0.22747222222222235
Model 1,14.0,0.4,0.11191666666666665
Model 1,14.5,0.4,0.19699999999999995
Model 1,8,0.6000000000000001,0.9151111111111115
Model 1,8.5,0.6000000000000001,1.0065000000000002
Model 1,9.0,0.6000000000000001,1.041138888888889
Model 1,9.5,0.6000000000000001,1.0254722222222228
Model 1,10.0,0.6000000000000001,0.8850277777777784
Model 1,10.5,0.6000000000000001,0.688944444444444
Model 1,11.0,0.6000000000000001,0.44041666666666596
Model 1,11.5,0.6000000000000001,0.24797222222222232
Model 1,12.0,0.6000000000000001,0.2664166666666667
Model 1,13.0,0.6000000000000001,0.39794444444444405
Model 1,13.5,0.6000000000000001,0.6465555555555556
Model 1,14.0,0.6000000000000001,0.6187222222222225
Model 1,14.5,0.6000000000000001,0.6837222222222218
Model 1,15.0,0.6000000000000001,0.5163888888888888
Model 1,8,0.8,0.8906111111111116
Model 1,8.5,0.8,0.690222222222223
Model 1,9.0,0.8,0.433055555555555
Model 1,9.5,0.8,0.3570000000000003
Model 1,10.5,0.8,0.38580555555555573
Model 1,11.0,0.8,0.8326111111111114
Model 1,11.5,0.8,0.757749999999999
Model 1,12.0,0.8,0.8840555555555545
Model 1,12.5,0.8,0.730166666666666
Model 1,13.0,0.8,0.5788333333333335
Model 1,13.5,0.8,0.36338888888888893
Model 1,14.0,0.8,0.18025
Model 1,14.5,0.8,0.07566666666666667
Model 1,8,1.0,0.36111111111111105
Model 1,8.5,1.0,1.0483611111111113
Model 1,9.0,1.0,0.9561111111111104
Model 1,9.5,1.0,1.1203888888888889
Model 1,10.0,1.0,0.9262222222222222
Model 1,10.5,1.0,0.8206944444444443
Model 1,11.0,1.0,0.6029722222222227
Model 1,11.5,1.0,0.3093611111111112
Model 1,12.0,1.0,0.1725833333333333
Model 1,13.0,1.0,0.10024999999999998
Model 1,13.5,1.0,0.5839722222222217
Model 1,14.0,1.0,0.5360555555555561
Model 1,14.5,1.0,0.7384166666666665
Model 1,15.0,1.0,0.5797222222222225
Model 1,8,1.2,1.0479999999999998
Model 1,8.5,1.2,0.8409166666666663
Model 1,9.0,1.2,0.5224999999999994
Model 1,9.5,1.2,0.38311111111111157
Model 1,10.5,1.2,0.0037777777777777788
Model 1,11.0,1.2,0.7211388888888887
Model 1,11.5,1.2,0.7930833333333336
Model 1,12.0,1.2,0.9115833333333336
Model 1,12.5,1.2,0.810777777777778
Model 1,13.0,1.2,0.6516944444444441
Model 1,13.5,1.2,0.4934722222222219
Model 1,14.0,1.2,0.24266666666666672
Model 1,14.5,1.2,0.11555555555555554
Model 1,15.0,1.2,0.1644722222222222
Model 1,8.5,1.4,0.8748888888888884
Model 1,9.0,1.4,1.0221111111111096
Model 1,9.5,1.4,1.023722222222222
Model 1,10.0,1.4,1.0325555555555543
Model 1,10.5,1.4,0.9216666666666659
Model 1,11.0,1.4,0.6888055555555566
Model 1,11.5,1.4,0.4699166666666667
Model 1,12.0,1.4,0.2650833333333332
Model 1,12.5,1.4,0.25672222222222213
Model 1,13.5,1.4,0.3465555555555555
Model 1,14.0,1.4,0.684527777777778
Model 1,14.5,1.4,0.6201944444444446
Model 1,15.0,1.4,0.6869444444444449
Model 1,8,1.5999999999999999,1.1192222222222212
Model 1,8.5,1.5999999999999999,0.9243333333333332
Model 1,9.0,1.5999999999999999,0.7061388888888893
Model 1,9.5,1.5999999999999999,0.4501111111111114
Model 1,10.0,1.5999999999999999,0.3286388888888891
Model 1,11.0,1.5999999999999999,0.34247222222222223
Model 1,11.5,1.5999999999999999,0.8550555555555553
Model 1,12.0,1.5999999999999999,0.7621388888888883
Model 1,12.5,1.5999999999999999,0.9201666666666667
Model 1,13.0,1.5999999999999999,0.7488888888888903
Model 1,13.5,1.5999999999999999,0.5976111111111109
Model 1,14.0,1.5999999999999999,0.386361111111111
Model 1,14.5,1.5999999999999999,0.17833333333333334
Model 1,15.0,1.5999999999999999,0.06558333333333331
Model 1,8.5,1.7999999999999998,0.3192499999999998
Model 1,9.0,1.7999999999999998,1.042416666666667
Model 1,9.5,1.7999999999999998,0.9238333333333324
Model 1,10.0,1.7999999999999998,1.1449166666666664
Model 1,10.5,1.7999999999999998,0.9540555555555563
Model 1,11.0,1.7999999999999998,0.8535277777777792
Model 1,11.5,1.7999999999999998,0.614444444444444
Model 1,12.0,1.7999999999999998,0.2946944444444442
Model 1,12.5,1.7999999999999998,0.188
Model 1,13.5,1.7999999999999998,0.06408333333333331
Model 1,14.0,1.7999999999999998,0.5578055555555554
Model 1,14.5,1.7999999999999998,0.5418888888888888
Model 1,15.0,1.7999999999999998,0.737611111111111
Model 1,8,1.9999999999999998,1.2056388888888894
Model 1,8.5,1.9999999999999998,1.0636666666666672
Model 1,9.0,1.9999999999999998,0.8729722222222226
Model 1,9.5,1.9999999999999998,0.5411388888888891
Model 1,10.0,1.9999999999999998,0.38422222222222263
Model 1,10.5,1.9999999999999998,0.5303333333333333
Model 1,11.5,1.9999999999999998,0.7256944444444444
Model 1,12.0,1.9999999999999998,0.8292499999999988
Model 1,12.5,1.9999999999999998,0.9258055555555564
Model 1,13.0,1.9999999999999998,0.8452222222222228
Model 1,13.5,1.9999999999999998,0.6903333333333329
Model 1,14.0,1.9999999999999998,0.4934166666666666
Model 1,14.5,1.9999999999999998,0.24541666666666656
Model 1,15.0,1.9999999999999998,0.11816666666666671
Model 1,8,2.1999999999999997,0.6070833333333334
Model 1,9.0,2.1999999999999997,0.8023055555555564
Model 1,9.5,2.1999999999999997,1.0076111111111108
Model 1,10.0,2.1999999999999997,1.052694444444445
Model 1,10.5,2.1999999999999997,1.0856388888888884
Model 1,11.0,2.1999999999999997,0.9403888888888884
Model 1,11.5,2.1999999999999997,0.7006666666666667
Model 1,12.0,2.1999999999999997,0.4832499999999999
Model 1,12.5,2.1999999999999997,0.24563888888888882
Model 1,13.0,2.1999999999999997,0.2213888888888887
Model 1,14.0,2.1999999999999997,0.3026388888888889
Model 1,14.5,2.1999999999999997,0.6649722222222217
Model 1,15.0,2.1999999999999997,0.5995555555555555
Model 1,8,2.4,1.3016944444444434
Model 1,8.5,2.4,1.1471944444444437
Model 1,9.0,2.4,0.9653333333333329
Model 1,9.5,2.4,0.7207777777777779
Model 1,10.0,2.4,0.4678055555555552
Model 1,10.5,2.4,0.3048333333333333
Model 1,11.5,2.4,0.31158333333333327
Model 1,12.0,2.4,0.8939444444444444
Model 1,12.5,2.4,0.7759722222222218
Model 1,13.0,2.4,0.9236388888888889
Model 1,13.5,2.4,0.7460833333333338
Model 1,14.0,2.4,0.5948333333333333
Model 1,14.5,2.4,0.39308333333333345
Model 1,15.0,2.4,0.16052777777777782
Model 1,8,2.6,0.4761944444444447
Model 1,9.0,2.6,0.25736111111111093
Model 1,9.5,2.6,1.0296388888888879
Model 1,10.0,2.6,0.9378055555555556
Model 1,10.5,2.6,1.1481944444444445
Model 1,11.0,2.6,0.9743888888888892
Model 1,11.5,2.6,0.8713055555555548
Model 1,12.0,2.6,0.6313888888888896
Model 1,12.5,2.6,0.3024166666666668
Model 1,13.0,2.6,0.187
Model 1,14.0,2.6,0.0346388888888889
Model 1,14.5,2.6,0.5333611111111111
Model 1,15.0,2.6,0.5540000000000003
Model 1,8,2.8000000000000003,1.3441944444444451
Model 1,8.5,2.8000000000000003,1.236305555555555
Model 1,9.0,2.8000000000000003,1.0720833333333322
Model 1,9.5,2.8000000000000003,0.8919166666666672
Model 1,10.0,2.8000000000000003,0.5562499999999996
Model 1,10.5,2.8000000000000003,0.3601944444444445
Model 1,11.0,2.8000000000000003,0.4827777777777776
Model 1,12.0,2.8000000000000003,0.7361111111111114
Model 1,12.5,2.8000000000000003,0.8348055555555555
Model 1,13.0,2.8000000000000003,0.8721666666666671
Model 1,13.5,2.8000000000000003,0.8522777777777778
Model 1,14.0,2.8000000000000003,0.6952500000000007
Model 1,14.5,2.8000000000000003,0.47702777777777755
Model 1,15.0,2.8000000000000003,0.2505277777777778
Model 2,8,0,2.6742777777777733
Model 2,8.5,0,1.6852499999999997
Model 2,9.0,0,1.1303055555555555
Model 2,10.0,0,0.009444444444444445
Model 2,10.5,0,2.1608333333333314
Model 2,11.0,0,2.5535277777777763
Model 2,11.5,0,2.8115555555555547
Model 2,12.0,0,2.6198888888888856
Model 2,12.5,0,2.115527777777777
Model 2,13.0,0,1.5320277777777767
Model 2,13.5,0,0.6618888888888881
Model 2,14.0,0,0.1359444444444444
Model 2,14.5,0,0.257027777777778
Model 2,8,0.2,2.48011111111111
Model 2,8.5,0.2,3.244194444444445
Model 2,9.0,0.2,3.2271111111111064
Model 2,9.5,0.2,3.356416666666663
Model 2,10.0,0.2,2.902055555555555
Model 2,10.5,0.2,2.1986944444444436
Model 2,11.0,0.2,1.5012777777777764
Model 2,11.5,0.2,0.7053888888888886
Model 2,12.0,0.2,0.5410277777777779
Model 2,13.0,0.2,0.8648333333333323
Model 2,13.5,0.2,2.0872222222222216
Model 2,14.0,0.2,1.8839166666666645
Model 2,14.5,0.2,2.2102777777777756
Model 2,15.0,0.2,1.6714166666666668
Model 2,8,0.4,2.9980555555555535
Model 2,8.5,0.4,2.2886666666666606
Model 2,9.0,0.4,1.4493888888888884
Model 2,9.5,0.4,0.9193888888888889
Model 2,10.5,0.4,0.9199722222222224
Model 2,11.0,0.4,2.696194444444444
Model 2,11.5,0.4,2.4094999999999995
Model 2,12.0,0.4,2.9435277777777764
Model 2,12.5,0.4,2.365444444444443
Model 2,13.0,0.4,1.9310555555555509
Model 2,13.5,0.4,1.2425833333333334
Model 2,14.0,0.4,0.3467222222222225
Model 2,14.5,0.4,0.045638888888888875
Model 2,8,0.6000000000000001,0.8104444444444432
Model 2,8.5,0.6000000000000001,3.1956111111111105
Model 2,9.0,0.6000000000000001,2.96427777777778
Model 2,9.5,0.6000000000000001,3.626083333333334
Model 2,10.0,0.6000000000000001,3.073611111111106
Model 2,10.5,0.6000000000000001,2.7077777777777747
Model 2,11.0,0.6000000000000001,2.0077777777777777
Model 2,11.5,0.6000000000000001,0.9566388888888901
Model 2,12.0,0.6000000000000001,0.4790833333333327
Model 2,13.0,0.6000000000000001,0.09094444444444442
Model 2,13.5,0.6000000000000001,1.6840555555555554
Model 2,14.0,0.6000000000000001,1.8190277777777766
Model 2,14.5,0.6000000000000001,2.3138055555555552
Model 2,15.0,0.6000000000000001,1.9813888888888864
Model 2,8,0.8,3.3893055555555565
Model 2,8.5,0.8,2.786027777777775
Model 2,9.0,0.8,1.8202499999999995
Model 2,9.5,0.8,1.2163611111111108
Model 2,10.0,0.8,1.5203333333333346
Model 2,11.0,0.8,2.1763333333333326
Model 2,11.5,0.8,2.6619444444444476
Model 2,12.0,0.8,2.8289722222222227
Model 2,12.5,0.8,2.735000000000001
Model 2,13.0,0.8,2.2520833333333337
Model 2,13.5,0.8,1.608694444444444
Model 2,14.0,0.8,0.7784722222222215
Model 2,14.5,0.8,0.1611388888888888
Model 2,15.0,0.8,0.23511111111111105
Model 2,8.5,1.0,2.3150555555555528
Model 2,9.0,1.0,3.306249999999996
Model 2,9.5,1.0,3.294083333333333
Model 2,10.0,1.0,3.4904999999999995
Model 2,10.5,1.0,2.9812222222222218
Model 2,11.0,1.0,2.306611111111113
Model 2,11.5,1.0,1.6214444444444445
Model 2,12.0,1.0,0.7821666666666671
Model 2,12.5,1.0,0.4871944444444446
Model 2,13.5,1.0,0.7981111111111112
Model 2,14.0,1.0,2.1223333333333314
Model 2,14.5,1.0,1.8984722222222228
Model 2,15.0,1.0,2.3006111111111087
Model 2,8,1.2,3.6638055555555518
Model 2,8.5,1.2,3.1396111111111114
Model 2,9.0,1.2,2.416611111111113
Model 2,9.5,1.2,1.5645277777777795
Model 2,10.0,1.2,0.9669166666666654
Model 2,11.0,1.2,0.85086111111111
Model 2,11.5,1.2,2.770277777777777
Model 2,12.0,1.2,2.4783888888888876
Model 2,12.5,1.2,3.017527777777774
Model 2,13.0,1.2,2.4429999999999987
Model 2,13.5,1.2,2.031027777777775
Model 2,14.0,1.2,1.366555555555557
Model 2,14.5,1.2,0.3590833333333336
Model 2,15.0,1.2,0.057111111111111126
Model 2,8.5,1.4,0.6485833333333317
Model 2,9.0,1.4,3.183416666666665
Model 2,9.5,1.4,3.0668611111111073
Model 2,10.0,1.4,3.674527777777779
Model 2,10.5,1.4,3.1910555555555575
Model 2,11.0,1.4,2.803166666666665
Model 2,11.5,1.4,2.125361111111111
Model 2,12.0,1.4,1.0845833333333321
Model 2,12.5,1.4,0.5446666666666667
Model 2,13.5,1.4,0.04108333333333332
Model 2,14.0,1.4,1.6983333333333324
Model 2,14.5,1.4,1.953666666666665
Model 2,15.0,1.4,2.3414444444444427
Model 2,8,1.5999999999999999,3.983444444444441
Model 2,8.5,1.5999999999999999,3.4694722222222203
Model 2,9.0,1.5999999999999999,2.894722222222219
Model 2,9.5,1.5999999999999999,1.9659999999999975
Model 2,10.0,1.5999999999999999,1.2896388888888881
Model 2,10.5,1.5999999999999999,1.4671388888888877
Model 2,11.5,1.5999999999999999,2.1712777777777785
Model 2,12.0,1.5999999999999999,2.7357777777777756
Model 2,12.5,1.5999999999999999,2.7846944444444435
Model 2,13.0,1.5999999999999999,2.8288055555555527
Model 2,13.5,1.5999999999999999,2.3591388888888876
Model 2,14.0,1.5999999999999999,1.6843611111111099
Model 2,14.5,1.5999999999999999,0.8963055555555558
Model 2,15.0,1.5999999999999999,0.15772222222222224
Model 2,8,1.7999999999999998,1.9511388888888894
Model 2,9.0,1.7999999999999998,2.1611666666666647
Model 2,9.5,1.7999999999999998,3.441138888888888
Model 2,10.0,1.7999999999999998,3.316444444444444
Model 2,10.5,1.7999999999999998,3.598500000000002
Model 2,11.0,1.7999999999999998,3.048777777777778
Model 2,11.5,1.7999999999999998,2.422722222222223
Model 2,12.0,1.7999999999999998,1.7362499999999976
Model 2,12.5,1.7999999999999998,0.8470555555555557
Model 2,13.0,1.7999999999999998,0.41063888888888894
Model 2,14.0,1.7999999999999998,0.7194999999999999
Model 2,14.5,1.7999999999999998,2.1839722222222213
Model 2,15.0,1.7999999999999998,1.9146944444444431
Model 2,8,1.9999999999999998,4.303083333333335
Model 2,8.5,1.9999999999999998,3.7493611111111123
Model 2,9.0,1.9999999999999998,3.280194444444445
Model 2,9.5,1.9999999999999998,2.550888888888893
Model 2,10.0,1.9999999999999998,1.6618333333333304
Model 2,10.5,1.9999999999999998,0.9998055555555541
Model 2,11.5,1.9999999999999998,0.7601666666666653
Model 2,12.0,1.9999999999999998,2.763277777777779
Model 2,12.5,1.9999999999999998,2.5129999999999995
Model 2,13.0,1.9999999999999998,3.1111944444444433
Model 2,13.5,1.9999999999999998,2.514777777777775
Model 2,14.0,1.9999999999999998,2.1513611111111084
Model 2,14.5,1.9999999999999998,1.459277777777778
Model 2,15.0,1.9999999999999998,0.3480555555555555
Model 2,8,2.1999999999999997,1.7758333333333323
Model 2,9.0,2.1999999999999997,0.4828055555555546
Model 2,9.5,2.1999999999999997,3.1523611111111087
Model 2,10.0,2.1999999999999997,3.1624166666666644
Model 2,10.5,2.1999999999999997,3.7380555555555524
Model 2,11.0,2.1999999999999997,3.3171111111111107
Model 2,11.5,2.1999999999999997,2.8761111111111117
Model 2,12.0,2.1999999999999997,2.228416666666665
Model 2,12.5,2.1999999999999997,1.2104166666666658
Model 2,13.0,2.1999999999999997,0.5822777777777776
Model 2,14.0,2.1999999999999997,0.0030277777777777794
Model 2,14.5,2.1999999999999997,1.7126944444444439
Model 2,15.0,2.1999999999999997,2.1066388888888894
Model 2,8,2.4,4.272416666666667
Model 2,8.5,2.4,4.077972222222225
Model 2,9.0,2.4,3.572333333333328
Model 2,9.5,2.4,2.990166666666668
Model 2,10.0,2.4,2.1079166666666658
Model 2,10.5,2.4,1.373083333333332
Model 2,11.0,2.4,1.401333333333334
Model 2,12.0,2.4,2.051527777777776
Model 2,12.5,2.4,2.7995277777777727
Model 2,13.0,2.4,2.783027777777775
Model 2,13.5,2.4,2.911111111111111
Model 2,14.0,2.4,2.454805555555554
Model 2,14.5,2.4,1.7539722222222252
Model 2,15.0,2.4,0.9842499999999994
Model 2,8,2.6,2.1611111111111097
Model 2,8.5,2.6,1.9571388888888859
Model 2,9.5,2.6,1.9884722222222218
Model 2,10.0,2.6,3.54702777777778
Model 2,10.5,2.6,3.345916666666667
Model 2,11.0,2.6,3.6694722222222214
Model 2,11.5,2.6,3.1302777777777777
Model 2,12.0,2.6,2.550138888888891
Model 2,12.5,2.6,1.839111111111111
Model 2,13.0,2.6,0.8968333333333338
Model 2,13.5,2.6,0.3167499999999999
Model 2,14.5,2.6,0.6494166666666662
Model 2,15.0,2.6,2.2511388888888866
Model 2,8,2.8000000000000003,3.8688333333333285
Model 2,8.5,2.8000000000000003,4.402111111111115
Model 2,9.0,2.8000000000000003,3.8238333333333343
Model 2,9.5,2.8000000000000003,3.3883888888888882
Model 2,10.0,2.8000000000000003,2.6988611111111065
Model 2,10.5,2.8000000000000003,1.7405833333333334
Model 2,11.0,2.8000000000000003,1.0130000000000003
Model 2,12.0,2.8000000000000003,0.6506944444444434
Model 2,12.5,2.8000000000000003,2.754611111111108
Model 2,13.0,2.8000000000000003,2.5194166666666615
Model 2,13.5,2.8000000000000003,3.181805555555554
Model 2,14.0,2.8000000000000003,2.625888888888888
Model 2,14.5,2.8000000000000003,2.2603888888888894
Model 2,15.0,2.8000000000000003,1.560916666666666
Model 3,8,0,0.7274999999999994
Model 3,8.5,0,0.46330555555555575
Model 3,9.0,0,0.2808055555555557
Model 3,10.0,0,0.22858333333333333
Model 3,10.5,0,0.7840277777777768
Model 3,11.0,0,0.6698055555555558
Model 3,11.5,0,0.8793333333333339
Model 3,12.0,0,0.693694444444444
Model 3,12.5,0,0.5970000000000005
Model 3,13.0,0,0.38650000000000023
Model 3,13.5,0,0.15449999999999992
Model 3,14.0,0,0.08547222222222221
Model 3,15.0,0,0.03733333333333336
Model 3,8,0.2,0.8936388888888895
Model 3,8.5,0.2,0.880055555555556
Model 3,9.0,0.2,1.0693333333333337
Model 3,9.5,0.2,0.9444999999999987
Model 3,10.0,0.2,0.8050555555555545
Model 3,10.5,0.2,0.6185833333333335
Model 3,11.0,0.2,0.33966666666666684
Model 3,11.5,0.2,0.21119444444444438
Model 3,12.0,0.2,0.33736111111111095
Model 3,13.0,0.2,0.4994444444444446
Model 3,13.5,0.2,0.5989722222222221
Model 3,14.0,0.2,0.6788055555555558
Model 3,14.5,0.2,0.603444444444445
Model 3,15.0,0.2,0.4615555555555553
Model 3,8,0.4,0.8514999999999995
Model 3,8.5,0.4,0.5806666666666668
Model 3,9.0,0.4,0.38527777777777744
Model 3,9.5,0.4,0.39905555555555516
Model 3,10.5,0.4,0.5800555555555551
Model 3,11.0,0.4,0.7591666666666665
Model 3,11.5,0.4,0.7944722222222214
Model 3,12.0,0.4,0.8241111111111116
Model 3,12.5,0.4,0.6821388888888898
Model 3,13.0,0.4,0.46883333333333277
Model 3,13.5,0.4,0.2979166666666666
Model 3,14.0,0.4,0.12858333333333344
Model 3,14.5,0.4,0.11555555555555552
Model 3,8,0.6000000000000001,0.551972222222222
Model 3,8.5,0.6000000000000001,1.0007500000000003
Model 3,9.0,0.6000000000000001,0.9535555555555555
Model 3,9.5,0.6000000000000001,1.0394166666666675
Model 3,10.0,0.6000000000000001,0.8879444444444448
Model 3,10.5,0.6000000000000001,0.7141388888888893
Model 3,11.0,0.6000000000000001,0.5011666666666672
Model 3,11.5,0.6000000000000001,0.2862777777777777
Model 3,12.0,0.6000000000000001,0.16844444444444456
Model 3,13.0,0.6000000000000001,0.20577777777777784
Model 3,13.5,0.6000000000000001,0.6576111111111113
Model 3,14.0,0.6000000000000001,0.553333333333333
Model 3,14.5,0.6000000000000001,0.6874166666666666
Model 3,15.0,0.6000000000000001,0.5218055555555554
Model 3,8,0.8,0.9568611111111104
Model 3,8.5,0.8,0.7683888888888899
Model 3,9.0,0.8,0.4694999999999997
Model 3,9.5,0.8,0.29147222222222235
Model 3,10.5,0.8,0.18472222222222232
Model 3,11.0,0.8,0.7812499999999994
Model 3,11.5,0.8,0.6986388888888887
Model 3,12.0,0.8,0.8890000000000006
Model 3,12.5,0.8,0.7215833333333329
Model 3,13.0,0.8,0.6346944444444446
Model 3,13.5,0.8,0.4164722222222226
Model 3,14.0,0.8,0.1723055555555558
Model 3,14.5,0.8,0.09444444444444447
Model 3,8,1.0,0.06338888888888888
Model 3,8.5,1.0,0.8975833333333341
Model 3,9.0,1.0,0.9214444444444446
Model 3,9.5,1.0,1.0817222222222225
Model 3,10.0,1.0,0.9752777777777772
Model 3,10.5,1.0,0.8201111111111119
Model 3,11.0,1.0,0.6579999999999998
Model 3,11.5,1.0,0.368222222222222
Model 3,12.0,1.0,0.21091666666666672
Model 3,12.5,1.0,0.3135833333333335
Model 3,13.5,1.0,0.5172777777777777
Model 3,14.0,1.0,0.6144722222222229
Model 3,14.5,1.0,0.6398888888888888
Model 3,15.0,1.0,0.6281944444444446
Model 3,8,1.2,1.0644166666666675
Model 3,8.5,1.2,0.8703888888888883
Model 3,9.0,1.2,0.6171111111111106
Model 3,9.5,1.2,0.3961666666666663
Model 3,10.0,1.2,0.4126666666666669
Model 3,11.0,1.2,0.5439166666666667
Model 3,11.5,1.2,0.8174999999999994
Model 3,12.0,1.2,0.7983333333333337
Model 3,12.5,1.2,0.8631111111111118
Model 3,13.0,1.2,0.6975555555555546
Model 3,13.5,1.2,0.4872777777777783
Model 3,14.0,1.2,0.3141666666666668
Model 3,14.5,1.2,0.13002777777777771
Model 3,15.0,1.2,0.09797222222222217
Model 3,8.5,1.4,0.4987222222222225
Model 3,9.0,1.4,1.0143888888888888
Model 3,9.5,1.4,0.9426111111111122
Model 3,10.0,1.4,1.0686388888888882
Model 3,10.5,1.4,0.9148611111111105
Model 3,11.0,1.4,0.7662222222222221
Model 3,11.5,1.4,0.5265555555555556
Model 3,12.0,1.4,0.3003333333333333
Model 3,12.5,1.4,0.15830555555555548
Model 3,13.5,1.4,0.1866388888888888
Model 3,14.0,1.4,0.649388888888889
Model 3,14.5,1.4,0.5479444444444445
Model 3,15.0,1.4,0.7160277777777782
Model 3,8,1.5999999999999999,1.1055277777777768
Model 3,8.5,1.5999999999999999,1.001305555555556
Model 3,9.0,1.5999999999999999,0.7894444444444443
Model 3,9.5,1.5999999999999999,0.4679166666666667
Model 3,10.0,1.5999999999999999,0.3005000000000001
Model 3,11.0,1.5999999999999999,0.1376388888888889
Model 3,11.5,1.5999999999999999,0.7577777777777779
Model 3,12.0,1.5999999999999999,0.7081944444444447
Model 3,12.5,1.5999999999999999,0.9170277777777776
Model 3,13.0,1.5999999999999999,0.7601666666666665
Model 3,13.5,1.5999999999999999,0.6386111111111106
Model 3,14.0,1.5999999999999999,0.4223055555555552
Model 3,14.5,1.5999999999999999,0.18411111111111125
Model 3,15.0,1.5999999999999999,0.10044444444444445
Model 3,8.5,1.7999999999999998,0.005472222222222224
Model 3,9.0,1.7999999999999998,0.9008055555555547
Model 3,9.5,1.7999999999999998,0.9763333333333336
Model 3,10.0,1.7999999999999998,1.0955833333333325
Model 3,10.5,1.7999999999999998,0.9959166666666672
Model 3,11.0,1.7999999999999998,0.8382777777777779
Model 3,11.5,1.7999999999999998,0.6796111111111114
Model 3,12.0,1.7999999999999998,0.38372222222222185
Model 3,12.5,1.7999999999999998,0.21105555555555555
Model 3,13.0,1.7999999999999998,0.2691944444444445
Model 3,14.0,1.7999999999999998,0.47233333333333327
Model 3,14.5,1.7999999999999998,0.616194444444444
Model 3,15.0,1.7999999999999998,0.6049444444444446
Model 3,8,1.9999999999999998,1.2098888888888903
Model 3,8.5,1.9999999999999998,1.1011944444444455
Model 3,9.0,1.9999999999999998,0.8709166666666672
Model 3,9.5,1.9999999999999998,0.6451388888888882
Model 3,10.0,1.9999999999999998,0.41211111111111076
Model 3,10.5,1.9999999999999998,0.39500000000000024
Model 3,11.5,1.9999999999999998,0.47994444444444456
Model 3,12.0,1.9999999999999998,0.8569722222222219
Model 3,12.5,1.9999999999999998,0.7988611111111112
Model 3,13.0,1.9999999999999998,0.8642777777777769
Model 3,13.5,1.9999999999999998,0.7057222222222218
Model 3,14.0,1.9999999999999998,0.4944444444444445
Model 3,14.5,1.9999999999999998,0.3117222222222225
Model 3,15.0,1.9999999999999998,0.13433333333333342
Model 3,8,2.1999999999999997,0.4869444444444446
Model 3,9.0,2.1999999999999997,0.44172222222222235
Model 3,9.5,2.1999999999999997,1.0341944444444442
Model 3,10.0,2.1999999999999997,0.9456666666666664
Model 3,10.5,2.1999999999999997,1.1051388888888884
Model 3,11.0,2.1999999999999997,0.9356944444444445
Model 3,11.5,2.1999999999999997,0.783833333333333
Model 3,12.0,2.1999999999999997,0.5577777777777778
Model 3,12.5,2.1999999999999997,0.2930000000000001
Model 3,13.0,2.1999999999999997,0.1363888888888889
Model 3,14.0,2.1999999999999997,0.16477777777777775
Model 3,14.5,2.1999999999999997,0.6295277777777784
Model 3,15.0,2.1999999999999997,0.5006666666666669
Model 3,8,2.4,1.3206944444444453
Model 3,8.5,2.4,1.1326111111111103
Model 3,9.0,2.4,1.0336666666666663
Model 3,9.5,2.4,0.7955555555555557
Model 3,10.0,2.4,0.44849999999999984
Model 3,10.5,2.4,0.3128055555555557
Model 3,11.5,2.4,0.08805555555555551
Model 3,12.0,2.4,0.7308333333333337
Model 3,12.5,2.4,0.7118055555555549
Model 3,13.0,2.4,0.9143333333333331
Model 3,13.5,2.4,0.7808055555555561
Model 3,14.0,2.4,0.628166666666667
Model 3,14.5,2.4,0.426
Model 3,15.0,2.4,0.18552777777777785
Model 3,8,2.6,0.5561111111111112
Model 3,8.5,2.6,0.7020277777777777
Model 3,9.5,2.6,0.9039166666666673
Model 3,10.0,2.6,1.010972222222222
Model 3,10.5,2.6,1.1094444444444438
Model 3,11.0,2.6,1.0304999999999997
Model 3,11.5,2.6,0.8764444444444436
Model 3,12.0,2.6,0.6776111111111116
Model 3,12.5,2.6,0.38686111111111127
Model 3,13.0,2.6,0.21041666666666672
Model 3,13.5,2.6,0.23302777777777775
Model 3,14.5,2.6,0.41305555555555545
Model 3,15.0,2.6,0.5921111111111113
Model 3,8,2.8000000000000003,1.2314999999999996
Model 3,8.5,2.8000000000000003,1.2635833333333317
Model 3,9.0,2.8000000000000003,1.1196944444444439
Model 3,9.5,2.8000000000000003,0.8819722222222225
Model 3,10.0,2.8000000000000003,0.6544999999999999
Model 3,10.5,2.8000000000000003,0.38894444444444465
Model 3,11.0,2.8000000000000003,0.3505555555555555
Model 3,12.0,2.8000000000000003,0.4249444444444447
Model 3,12.5,2.8000000000000003,0.8356944444444434
Model 3,13.0,2.8000000000000003,0.777944444444444
Model 3,13.5,2.8000000000000003,0.8678333333333331
Model 3,14.0,2.8000000000000003,0.7001944444444443
Model 3,14.5,2.8000000000000003,0.5075555555555554
Model 3,15.0,2.8000000000000003,0.3111944444444444
Model 4,8,0,0.6658333333333339
Model 4,8.5,0,0.4222222222222221
Model 4,9.0,0,0.37363888888888874
Model 4,10.0,0,0.4200555555555556
Model 4,10.5,0,0.8203055555555554
Model 4,11.0,0,0.7682777777777777
Model 4,11.5,0,0.8661944444444443
Model 4,12.0,0,0.7121944444444441
Model 4,12.5,0,0.5376111111111112
Model 4,13.0,0,0.3438055555555556
Model 4,13.5,0,0.16772222222222233
Model 4,14.0,0,0.07827777777777781
Model 4,15.0,0,0.12988888888888897
Model 4,8,0.2,1.052694444444445
Model 4,8.5,0.2,0.9557777777777778
Model 4,9.0,0.2,1.0921388888888879
Model 4,9.5,0.2,0.9171111111111101
Model 4,10.0,0.2,0.7819444444444447
Model 4,10.5,0.2,0.5858611111111115
Model 4,11.0,0.2,0.3075833333333332
Model 4,11.5,0.2,0.16216666666666663
Model 4,12.5,0.2,0.12616666666666662
Model 4,13.0,0.2,0.6115277777777783
Model 4,13.5,0.2,0.5261666666666664
Model 4,14.0,0.2,0.7182500000000005
Model 4,14.5,0.2,0.5468055555555557
Model 4,15.0,0.2,0.45597222222222267
Model 4,8,0.4,0.8179444444444455
Model 4,8.5,0.4,0.4976388888888889
Model 4,9.0,0.4,0.36747222222222226
Model 4,10.0,0.4,0.04691666666666666
Model 4,10.5,0.4,0.7175277777777775
Model 4,11.0,0.4,0.7537222222222216
Model 4,11.5,0.4,0.9010277777777771
Model 4,12.0,0.4,0.7993611111111112
Model 4,12.5,0.4,0.6386944444444452
Model 4,13.0,0.4,0.47727777777777697
Model 4,13.5,0.4,0.23502777777777803
Model 4,14.0,0.4,0.11327777777777776
Model 4,14.5,0.4,0.19061111111111115
Model 4,8,0.6000000000000001,0.920583333333333
Model 4,8.5,0.6000000000000001,1.0156666666666667
Model 4,9.0,0.6000000000000001,1.0378055555555559
Model 4,9.5,0.6000000000000001,1.030388888888889
Model 4,10.0,0.6000000000000001,0.8935833333333324
Model 4,10.5,0.6000000000000001,0.6916666666666669
Model 4,11.0,0.6000000000000001,0.4480277777777773
Model 4,11.5,0.6000000000000001,0.2495000000000001
Model 4,12.0,0.6000000000000001,0.26813888888888887
Model 4,13.0,0.6000000000000001,0.3883333333333331
Model 4,13.5,0.6000000000000001,0.6600555555555553
Model 4,14.0,0.6000000000000001,0.6204444444444449
Model 4,14.5,0.6000000000000001,0.6871666666666657
Model 4,15.0,0.6000000000000001,0.5234722222222219
Model 4,8,0.8,0.8976666666666673
Model 4,8.5,0.8,0.6968055555555557
Model 4,9.0,0.8,0.439194444444444
Model 4,9.5,0.8,0.35194444444444467
Model 4,10.5,0.8,0.38450000000000006
Model 4,11.0,0.8,0.8378611111111108
Model 4,11.5,0.8,0.7628888888888884
Model 4,12.0,0.8,0.899777777777777
Model 4,12.5,0.8,0.7345277777777774
Model 4,13.0,0.8,0.5880277777777776
Model 4,13.5,0.8,0.3687777777777781
Model 4,14.0,0.8,0.18241666666666662
Model 4,14.5,0.8,0.07327777777777776
Model 4,8,1.0,0.35147222222222213
Model 4,8.5,1.0,1.057444444444444
Model 4,9.0,1.0,0.9529444444444441
Model 4,9.5,1.0,1.132833333333334
Model 4,10.0,1.0,0.9318888888888883
Model 4,10.5,1.0,0.8298611111111116
Model 4,11.0,1.0,0.6077777777777782
Model 4,11.5,1.0,0.31150000000000017
Model 4,12.0,1.0,0.17536111111111102
Model 4,13.0,1.0,0.09386111111111113
Model 4,13.5,1.0,0.580555555555555
Model 4,14.0,1.0,0.5409722222222222
Model 4,14.5,1.0,0.7462222222222227
Model 4,15.0,1.0,0.5875833333333337
Model 4,8,1.2,1.055027777777778
Model 4,8.5,1.2,0.8524999999999986
Model 4,9.0,1.2,0.531305555555555
Model 4,9.5,1.2,0.389527777777778
Model 4,10.0,1.2,0.5476388888888883
Model 4,11.0,1.2,0.7243888888888882
Model 4,11.5,1.2,0.8098611111111114
Model 4,12.0,1.2,0.9212500000000005
Model 4,12.5,1.2,0.825888888888889
Model 4,13.0,1.2,0.66525
Model 4,13.5,1.2,0.49938888888888955
Model 4,14.0,1.2,0.24597222222222231
Model 4,14.5,1.2,0.11919444444444445
Model 4,15.0,1.2,0.16038888888888886
Model 4,8.5,1.4,0.8598888888888899
Model 4,9.0,1.4,1.021083333333333
Model 4,9.5,1.4,1.0346111111111116
Model 4,10.0,1.4,1.041805555555555
Model 4,10.5,1.4,0.9307499999999991
Model 4,11.0,1.4,0.6950833333333337
Model 4,11.5,1.4,0.4773611111111109
Model 4,12.0,1.4,0.26674999999999993
Model 4,12.5,1.4,0.25569444444444434
Model 4,13.5,1.4,0.3449722222222223
Model 4,14.0,1.4,0.6895555555555557
Model 4,14.5,1.4,0.6200833333333338
Model 4,15.0,1.4,0.6903611111111119
Model 4,8,1.5999999999999999,1.127666666666666
Model 4,8.5,1.5999999999999999,0.9387777777777777
Model 4,9.0,1.5999999999999999,0.7139722222222218
Model 4,9.5,1.5999999999999999,0.4614722222222222
Model 4,10.0,1.5999999999999999,0.3300555555555553
Model 4,11.0,1.5999999999999999,0.3377777777777778
Model 4,11.5,1.5999999999999999,0.8712499999999996
Model 4,12.0,1.5999999999999999,0.7735555555555549
Model 4,12.5,1.5999999999999999,0.9260555555555551
Model 4,13.0,1.5999999999999999,0.7553888888888893
Model 4,13.5,1.5999999999999999,0.6069444444444443
Model 4,14.0,1.5999999999999999,0.39611111111111086
Model 4,14.5,1.5999999999999999,0.17488888888888893
Model 4,15.0,1.5999999999999999,0.06449999999999999
Model 4,8.5,1.7999999999999998,0.3149444444444443
Model 4,9.0,1.7999999999999998,1.0430555555555563
Model 4,9.5,1.7999999999999998,0.9294444444444434
Model 4,10.0,1.7999999999999998,1.151277777777778
Model 4,10.5,1.7999999999999998,0.9640555555555572
Model 4,11.0,1.7999999999999998,0.8594444444444451
Model 4,11.5,1.7999999999999998,0.625472222222221
Model 4,12.0,1.7999999999999998,0.2990277777777775
Model 4,12.5,1.7999999999999998,0.19222222222222218
Model 4,13.5,1.7999999999999998,0.06369444444444444
Model 4,14.0,1.7999999999999998,0.5595833333333331
Model 4,14.5,1.7999999999999998,0.5418333333333334
Model 4,15.0,1.7999999999999998,0.7405833333333331
Model 4,8,1.9999999999999998,1.2183888888888892
Model 4,8.5,1.9999999999999998,1.0731111111111113
Model 4,9.0,1.9999999999999998,0.880722222222223
Model 4,9.5,1.9999999999999998,0.5504166666666669
Model 4,10.0,1.9999999999999998,0.384416666666667
Model 4,10.5,1.9999999999999998,0.5337777777777785
Model 4,11.5,1.9999999999999998,0.738111111111111
Model 4,12.0,1.9999999999999998,0.8354999999999992
Model 4,12.5,1.9999999999999998,0.923277777777778
Model 4,13.0,1.9999999999999998,0.8550277777777777
Model 4,13.5,1.9999999999999998,0.6989166666666664
Model 4,14.0,1.9999999999999998,0.49736111111111075
Model 4,14.5,1.9999999999999998,0.24869444444444436
Model 4,15.0,1.9999999999999998,0.11952777777777783
Model 4,8,2.1999999999999997,0.6110277777777778
Model 4,9.0,2.1999999999999997,0.7926666666666667
Model 4,9.5,2.1999999999999997,1.0211388888888884
Model 4,10.0,2.1999999999999997,1.05775
Model 4,10.5,2.1999999999999997,1.0983888888888893
Model 4,11.0,2.1999999999999997,0.9445277777777773
Model 4,11.5,2.1999999999999997,0.7106111111111111
Model 4,12.0,2.1999999999999997,0.4909722222222229
Model 4,12.5,2.1999999999999997,0.24863888888888894
Model 4,13.0,2.1999999999999997,0.220222222222222
Model 4,14.0,2.1999999999999997,0.29869444444444454
Model 4,14.5,2.1999999999999997,0.6663888888888886
Model 4,15.0,2.1999999999999997,0.6020277777777782
Model 4,8,2.4,1.3153611111111094
Model 4,8.5,2.4,1.1595833333333334
Model 4,9.0,2.4,0.9799722222222217
Model 4,9.5,2.4,0.7309722222222218
Model 4,10.0,2.4,0.47347222222222207
Model 4,10.5,2.4,0.30258333333333337
Model 4,11.5,2.4,0.30852777777777785
Model 4,12.0,2.4,0.8987222222222225
Model 4,12.5,2.4,0.7843611111111108
Model 4,13.0,2.4,0.9325555555555551
Model 4,13.5,2.4,0.748333333333333
Model 4,14.0,2.4,0.5980555555555552
Model 4,14.5,2.4,0.3924166666666668
Model 4,15.0,2.4,0.1613055555555557
Model 4,8,2.6,0.4824166666666668
Model 4,9.0,2.6,0.24180555555555536
Model 4,9.5,2.6,1.0313055555555553
Model 4,10.0,2.6,0.9430277777777786
Model 4,10.5,2.6,1.158305555555554
Model 4,11.0,2.6,0.9816388888888888
Model 4,11.5,2.6,0.8782222222222213
Model 4,12.0,2.6,0.6361388888888893
Model 4,12.5,2.6,0.30963888888888896
Model 4,13.0,2.6,0.1911388888888889
Model 4,14.0,2.6,0.03488888888888889
Model 4,14.5,2.6,0.5352222222222222
Model 4,15.0,2.6,0.5686944444444445
Model 4,8,2.8000000000000003,1.3500555555555562
Model 4,8.5,2.8000000000000003,1.2493333333333327
Model 4,9.0,2.8000000000000003,1.0811388888888884
Model 4,9.5,2.8000000000000003,0.9026944444444449
Model 4,10.0,2.8000000000000003,0.5677222222222215
Model 4,10.5,2.8000000000000003,0.36647222222222214
Model 4,11.0,2.8000000000000003,0.4741388888888888
Model 4,12.0,2.8000000000000003,0.7399722222222221
Model 4,12.5,2.8000000000000003,0.8435
Model 4,13.0,2.8000000000000003,0.8666666666666663
Model 4,13.5,2.8000000000000003,0.8566666666666662
Model 4,14.0,2.8000000000000003,0.703694444444445
Model 4,14.5,2.8000000000000003,0.47663888888888867
Model 4,15.0,2.8000000000000003,0.25586111111111104
