Model 1,8,0,0.462472222222222
Model 1,8.5,0,0.3252222222222221
Model 1,9.5,0,0.32063888888888875
Model 1,10.0,0,0.8498888888888892
Model 1,10.5,0,0.7403055555555553
Model 1,11.0,0,0.8872222222222217
Model 1,11.5,0,0.7198333333333339
Model 1,12.0,0,0.5889166666666668
Model 1,12.5,0,0.41433333333333316
Model 1,13.0,0,0.18483333333333335
Model 1,13.5,0,0.07172222222222219
Model 1,14.5,0,0.10127777777777784
Model 1,15.0,0,0.4669722222222224
Model 1,8,0.2,0.8946111111111108
Model 1,8.5,0.2,1.0938888888888887
Model 1,9.0,0.2,0.9223055555555565
Model 1,9.5,0.2,0.8279722222222231
Model 1,10.0,0.2,0.6198055555555554
Model 1,10.5,0.2,0.3206666666666667
Model 1,11.0,0.2,0.21736111111111092
Model 1,12.0,0.2,0.04855555555555555
Model 1,12.5,0.2,0.5451388888888893
Model 1,13.0,0.2,0.5429999999999998
Model 1,13.5,0.2,0.7147777777777782
Model 1,14.0,0.2,0.602694444444444
Model 1,14.5,0.2,0.46363888888888855
Model 1,15.0,0.2,0.2956388888888889
Model 1,8,0.4,0.5582222222222222
Model 1,8.5,0.4,0.3998888888888887
Model 1,9.0,0.4,0.5228888888888885
Model 1,10.0,0.4,0.7359444444444446
Model 1,10.5,0.4,0.8102499999999989
Model 1,11.0,0.4,0.8695555555555561
Model 1,11.5,0.4,0.8246666666666663
Model 1,12.0,0.4,0.6843055555555552
Model 1,12.5,0.4,0.5035277777777781
Model 1,13.0,0.4,0.2799444444444446
Model 1,13.5,0.4,0.1425277777777778
Model 1,14.0,0.4,0.16111111111111104
Model 1,15.0,0.4,0.2906666666666667
Model 1,8,0.6000000000000001,0.9941388888888885
Model 1,8.5,0.6000000000000001,1.0055833333333337
Model 1,9.0,0.6000000000000001,1.0515277777777772
Model 1,9.5,0.6000000000000001,0.9018888888888882
Model 1,10.0,0.6000000000000001,0.7023888888888883
Model 1,10.5,0.6000000000000001,0.5029444444444443
Model 1,11.0,0.6000000000000001,0.2754166666666663
Model 1,11.5,0.6000000000000001,0.22688888888888883
Model 1,12.5,0.6000000000000001,0.2919166666666665
Model 1,13.0,0.6000000000000001,0.6480555555555557
Model 1,13.5,0.6000000000000001,0.5888611111111105
Model 1,14.0,0.6000000000000001,0.7022222222222222
Model 1,14.5,0.6000000000000001,0.547277777777778
Model 1,15.0,0.6000000000000001,0.3901944444444444
Model 1,8,0.8,0.731638888888889
Model 1,8.5,0.8,0.4911388888888886
Model 1,9.0,0.8,0.3277777777777782
Model 1,10.0,0.8,0.29822222222222233
Model 1,10.5,0.8,0.8633055555555555
Model 1,11.0,0.8,0.7692222222222223
Model 1,11.5,0.8,0.9146111111111109
Model 1,12.0,0.8,0.733722222222223
Model 1,12.5,0.8,0.6141388888888896
Model 1,13.0,0.8,0.42280555555555555
Model 1,13.5,0.8,0.19002777777777774
Model 1,14.0,0.8,0.07994444444444446
Model 1,15.0,0.8,0.07599999999999998
Model 1,8,1.0,0.983777777777778
Model 1,8.5,1.0,0.9157222222222209
Model 1,9.0,1.0,1.1113888888888896
Model 1,9.5,1.0,0.9601388888888895
Model 1,10.0,1.0,0.8570555555555558
Model 1,10.5,1.0,0.6473333333333333
Model 1,11.0,1.0,0.34580555555555537
Model 1,11.5,1.0,0.23391666666666636
Model 1,12.5,1.0,0.012388888888888889
Model 1,13.0,1.0,0.5434722222222217
Model 1,13.5,1.0,0.6037777777777776
Model 1,14.0,1.0,0.7305555555555562
Model 1,14.5,1.0,0.6251666666666663
Model 1,15.0,1.0,0.46649999999999997
Model 1,8,1.2,0.8835833333333344
Model 1,8.5,1.2,0.5994444444444438
Model 1,9.0,1.2,0.40405555555555533
Model 1,9.5,1.2,0.4790833333333335
Model 1,10.5,1.2,0.7227777777777776
Model 1,11.0,1.2,0.8339166666666661
Model 1,11.5,1.2,0.8432499999999998
Model 1,12.0,1.2,0.8477777777777779
Model 1,12.5,1.2,0.7237500000000001
Model 1,13.0,1.2,0.5146111111111107
Model 1,13.5,1.2,0.30161111111111155
Model 1,14.0,1.2,0.14647222222222225
Model 1,14.5,1.2,0.1617777777777778
Model 1,8,1.4,0.6926388888888882
Model 1,8.5,1.4,1.053777777777777
Model 1,9.0,1.4,1.0221111111111105
Model 1,9.5,1.4,1.0864444444444437
Model 1,10.0,1.4,0.9251666666666665
Model 1,10.5,1.4,0.7260555555555552
Model 1,11.0,1.4,0.5215833333333332
Model 1,11.5,1.4,0.28136111111111106
Model 1,12.0,1.4,0.1982499999999999
Model 1,13.0,1.4,0.2582777777777777
Model 1,13.5,1.4,0.6752222222222221
Model 1,14.0,1.4,0.5720000000000003
Model 1,14.5,1.4,0.7250555555555545
Model 1,15.0,1.4,0.5532777777777779
Model 1,8,1.5999999999999999,0.9911388888888896
Model 1,8.5,1.5999999999999999,0.7760277777777771
Model 1,9.0,1.5999999999999999,0.5091388888888883
Model 1,9.5,1.5999999999999999,0.31863888888888914
Model 1,10.5,1.5999999999999999,0.2619444444444444
Model 1,11.0,1.5999999999999999,0.8648611111111106
Model 1,11.5,1.5999999999999999,0.748333333333333
Model 1,12.0,1.5999999999999999,0.9435277777777779
Model 1,12.5,1.5999999999999999,0.7538333333333322
Model 1,13.0,1.5999999999999999,0.6476388888888888
Model 1,13.5,1.5999999999999999,0.42436111111111147
Model 1,14.0,1.5999999999999999,0.18161111111111114
Model 1,14.5,1.5999999999999999,0.08902777777777776
Model 1,8,1.7999999999999998,0.14408333333333326
Model 1,8.5,1.7999999999999998,0.9641111111111109
Model 1,9.0,1.7999999999999998,0.944166666666667
Model 1,9.5,1.7999999999999998,1.1471111111111105
Model 1,10.0,1.7999999999999998,1.0001388888888887
Model 1,10.5,1.7999999999999998,0.8716388888888883
Model 1,11.0,1.7999999999999998,0.673555555555556
Model 1,11.5,1.7999999999999998,0.36538888888888876
Model 1,12.0,1.7999999999999998,0.2377222222222221
Model 1,12.5,1.7999999999999998,0.37930555555555545
Model 1,13.5,1.7999999999999998,0.5456388888888892
Model 1,14.0,1.7999999999999998,0.6418333333333327
Model 1,14.5,1.7999999999999998,0.7450833333333331
Model 1,15.0,1.7999999999999998,0.6408333333333335
Model 1,8,1.9999999999999998,1.0815000000000006
Model 1,8.5,1.9999999999999998,0.9097499999999991
Model 1,9.0,1.9999999999999998,0.6148611111111111
Model 1,9.5,1.9999999999999998,0.41469444444444425
Model 1,10.0,1.9999999999999998,0.4358888888888889
Model 1,11.0,1.9999999999999998,0.6608055555555554
Model 1,11.5,1.9999999999999998,0.8339722222222221
Model 1,12.0,1.9999999999999998,0.8470277777777765
Model 1,12.5,1.9999999999999998,0.8555555555555551
Model 1,13.0,1.9999999999999998,0.7366388888888895
Model 1,13.5,1.9999999999999998,0.5000833333333332
Model 1,14.0,1.9999999999999998,0.3121111111111113
Model 1,14.5,1.9999999999999998,0.1492222222222222
Model 1,15.0,1.9999999999999998,0.1330555555555556
Model 1,8.5,2.1999999999999997,0.6343611111111108
Model 1,9.0,2.1999999999999997,1.0690277777777781
Model 1,9.5,2.1999999999999997,1.0171388888888884
Model 1,10.0,2.1999999999999997,1.089722222222222
Model 1,10.5,2.1999999999999997,0.9438611111111119
Model 1,11.0,2.1999999999999997,0.7511388888888887
Model 1,11.5,2.1999999999999997,0.5305000000000002
Model 1,12.0,2.1999999999999997,0.2961944444444445
Model 1,12.5,2.1999999999999997,0.1759722222222222
Model 1,13.5,2.1999999999999997,0.22813888888888897
Model 1,14.0,2.1999999999999997,0.6981666666666669
Model 1,14.5,2.1999999999999997,0.5763333333333333
Model 1,15.0,2.1999999999999997,0.7330833333333331
Model 1,8,2.4,1.1510277777777767
Model 1,8.5,2.4,1.018333333333333
Model 1,9.0,2.4,0.821805555555556
Model 1,9.5,2.4,0.49722222222222195
Model 1,10.0,2.4,0.29547222222222225
Model 1,11.0,2.4,0.21747222222222237
Model 1,11.5,2.4,0.8498611111111105
Model 1,12.0,2.4,0.7351666666666659
Model 1,12.5,2.4,0.9434444444444434
Model 1,13.0,2.4,0.7617499999999994
Model 1,13.5,2.4,0.6590555555555547
Model 1,14.0,2.4,0.42961111111111133
Model 1,14.5,2.4,0.1736388888888889
Model 1,15.0,2.4,0.09727777777777777
Model 1,8.5,2.6,0.09072222222222218
Model 1,9.0,2.6,0.9483888888888891
Model 1,9.5,2.6,0.9448333333333331
Model 1,10.0,2.6,1.1407222222222215
Model 1,10.5,2.6,1.0268055555555542
Model 1,11.0,2.6,0.8725555555555569
Model 1,11.5,2.6,0.6785277777777776
Model 1,12.0,2.6,0.3758888888888891
Model 1,12.5,2.6,0.21688888888888894
Model 1,13.0,2.6,0.3503055555555555
Model 1,14.0,2.6,0.5557500000000004
Model 1,14.5,2.6,0.6462222222222227
Model 1,15.0,2.6,0.7046666666666666
Model 1,8,2.8000000000000003,1.2569166666666671
Model 1,8.5,2.8000000000000003,1.1126666666666682
Model 1,9.0,2.8000000000000003,0.9172500000000002
Model 1,9.5,2.8000000000000003,0.6340000000000006
Model 1,10.0,2.8000000000000003,0.4130833333333332
Model 1,10.5,2.8000000000000003,0.42266666666666625
Model 1,11.5,2.8000000000000003,0.604666666666667
Model 1,12.0,2.8000000000000003,0.8263888888888882
Model 1,12.5,2.8000000000000003,0.8431944444444445
Model 1,13.0,2.8000000000000003,0.8873333333333333
Model 1,13.5,2.8000000000000003,0.725305555555556
Model 1,14.0,2.8000000000000003,0.5013333333333334
Model 1,14.5,2.8000000000000003,0.3132499999999998
Model 1,15.0,2.8000000000000003,0.12836111111111115
Model 2,8,0,1.9217499999999983
Model 2,8.5,0,1.2405000000000015
Model 2,9.0,0,1.3389166666666663
Model 2,10.0,0,1.989111111111111
Model 2,10.5,0,2.62919444444444
Model 2,11.0,0,2.6257499999999974
Model 2,11.5,0,2.7236666666666642
Model 2,12.0,0,2.276499999999997
Model 2,12.5,0,1.6073611111111126
Model 2,13.0,0,0.8948611111111101
Model 2,13.5,0,0.2191388888888889
Model 2,14.0,0,0.23955555555555558
Model 2,15.0,0,0.4923611111111108
Model 2,8,0.2,3.3328888888888875
Model 2,8.5,0.2,3.165166666666667
Model 2,9.0,0.2,3.4641666666666686
Model 2,9.5,0.2,2.929472222222223
Model 2,10.0,0.2,2.3463888888888884
Model 2,10.5,0.2,1.675222222222221
Model 2,11.0,0.2,0.8486944444444448
Model 2,11.5,0.2,0.40888888888888913
Model 2,12.5,0.2,0.6417777777777776
Model 2,13.0,0.2,2.0986944444444413
Model 2,13.5,0.2,1.7952499999999996
Model 2,14.0,0.2,2.3229166666666665
Model 2,14.5,0.2,1.7568333333333355
Model 2,15.0,0.2,1.330111111111111
Model 2,8,0.4,2.501611111111107
Model 2,8.5,0.4,1.5852777777777773
Model 2,9.0,0.4,0.9617499999999997
Model 2,10.0,0.4,0.6430277777777772
Model 2,10.5,0.4,2.620555555555552
Model 2,11.0,0.4,2.3623055555555545
Model 2,11.5,0.4,2.989166666666664
Model 2,12.0,0.4,2.43536111111111
Model 2,12.5,0.4,2.0788611111111126
Model 2,13.0,0.4,1.3980555555555554
Model 2,13.5,0.4,0.423472222222222
Model 2,14.0,0.4,0.12275000000000004
Model 2,15.0,0.4,0.032027777777777794
Model 2,8,0.6000000000000001,2.9745555555555563
Model 2,8.5,0.6000000000000001,3.0564999999999984
Model 2,9.0,0.6000000000000001,3.587694444444443
Model 2,9.5,0.6000000000000001,3.2068611111111047
Model 2,10.0,0.6000000000000001,2.760361111111109
Model 2,10.5,0.6000000000000001,2.156416666666665
Model 2,11.0,0.6000000000000001,1.2071944444444438
Model 2,11.5,0.6000000000000001,0.6513055555555559
Model 2,12.0,0.6000000000000001,1.0057777777777779
Model 2,13.0,0.6000000000000001,1.6200277777777765
Model 2,13.5,0.6000000000000001,2.044499999999999
Model 2,14.0,0.6000000000000001,2.254472222222222
Model 2,14.5,0.6000000000000001,2.100999999999997
Model 2,15.0,0.6000000000000001,1.6349444444444436
Model 2,8,0.8,2.868500000000001
Model 2,8.5,0.8,2.0427222222222206
Model 2,9.0,0.8,1.3463055555555559
Model 2,9.5,0.8,1.3289722222222211
Model 2,10.5,0.8,1.8621666666666645
Model 2,11.0,0.8,2.6924999999999986
Model 2,11.5,0.8,2.6652500000000003
Model 2,12.0,0.8,2.8139722222222225
Model 2,12.5,0.8,2.3515555555555525
Model 2,13.0,0.8,1.6865833333333322
Model 2,13.5,0.8,1.0076666666666674
Model 2,14.0,0.8,0.2633333333333332
Model 2,14.5,0.8,0.20411111111111108
Model 2,8,1.0,1.7986944444444424
Model 2,8.5,1.0,3.3901111111111124
Model 2,9.0,1.0,3.1754444444444445
Model 2,9.5,1.0,3.5303888888888895
Model 2,10.0,1.0,3.009527777777775
Model 2,10.5,1.0,2.4798611111111093
Model 2,11.0,1.0,1.7946666666666657
Model 2,11.5,1.0,0.9597499999999991
Model 2,12.0,1.0,0.3966388888888887
Model 2,13.0,1.0,0.597694444444444
Model 2,13.5,1.0,2.1749444444444443
Model 2,14.0,1.0,1.861305555555556
Model 2,14.5,1.0,2.402499999999998
Model 2,15.0,1.0,1.8375555555555538
Model 2,8,1.2,3.272055555555559
Model 2,8.5,1.2,2.6389722222222196
Model 2,9.0,1.2,1.6520277777777759
Model 2,9.5,1.2,1.0458611111111114
Model 2,10.5,1.2,0.5228055555555549
Model 2,11.0,1.2,2.598333333333332
Model 2,11.5,1.2,2.41711111111111
Model 2,12.0,1.2,3.037527777777775
Model 2,12.5,1.2,2.5420833333333297
Model 2,13.0,1.2,2.176277777777778
Model 2,13.5,1.2,1.510444444444443
Model 2,14.0,1.2,0.4819444444444447
Model 2,14.5,1.2,0.15072222222222223
Model 2,8,1.4,0.19586111111111082
Model 2,8.5,1.4,2.9838333333333265
Model 2,9.0,1.4,3.1652222222222175
Model 2,9.5,1.4,3.605361111111111
Model 2,10.0,1.4,3.3130277777777803
Model 2,10.5,1.4,2.840083333333332
Model 2,11.0,1.4,2.255972222222223
Model 2,11.5,1.4,1.3425833333333332
Model 2,12.0,1.4,0.6970555555555561
Model 2,12.5,1.4,0.9607777777777776
Model 2,13.5,1.4,1.6355833333333323
Model 2,14.0,1.4,2.1239722222222186
Model 2,14.5,1.4,2.2219999999999978
Model 2,15.0,1.4,2.2054166666666664
Model 2,8,1.5999999999999999,3.585916666666671
Model 2,8.5,1.5999999999999999,2.9450555555555544
Model 2,9.0,1.5999999999999999,2.176638888888888
Model 2,9.5,1.5999999999999999,1.448666666666665
Model 2,10.0,1.5999999999999999,1.3671111111111107
Model 2,11.0,1.5999999999999999,1.7449999999999992
Model 2,11.5,1.5999999999999999,2.7736666666666654
Model 2,12.0,1.5999999999999999,2.699388888888889
Model 2,12.5,1.5999999999999999,2.9379166666666676
Model 2,13.0,1.5999999999999999,2.4204444444444437
Model 2,13.5,1.5999999999999999,1.8010555555555547
Model 2,14.0,1.5999999999999999,1.1048611111111104
Model 2,14.5,1.5999999999999999,0.2640555555555556
Model 2,15.0,1.5999999999999999,0.15177777777777787
Model 2,8.5,1.7999999999999998,1.6319444444444424
Model 2,9.0,1.7999999999999998,3.4276111111111107
Model 2,9.5,1.7999999999999998,3.192249999999999
Model 2,10.0,1.7999999999999998,3.6393333333333366
Model 2,10.5,1.7999999999999998,3.095333333333328
Model 2,11.0,1.7999999999999998,2.6218055555555515
Model 2,11.5,1.7999999999999998,1.9289444444444446
Model 2,12.0,1.7999999999999998,1.0463055555555558
Model 2,12.5,1.7999999999999998,0.38305555555555576
Model 2,13.5,1.7999999999999998,0.5465277777777775
Model 2,14.0,1.7999999999999998,2.1958055555555553
Model 2,14.5,1.7999999999999998,1.921444444444443
Model 2,15.0,1.7999999999999998,2.4802777777777805
Model 2,8,1.9999999999999998,3.753194444444444
Model 2,8.5,1.9999999999999998,3.3699999999999988
Model 2,9.0,1.9999999999999998,2.7169166666666698
Model 2,9.5,1.9999999999999998,1.7345277777777763
Model 2,10.0,1.9999999999999998,1.1495833333333325
Model 2,11.0,1.9999999999999998,0.38944444444444376
Model 2,11.5,1.9999999999999998,2.5660833333333333
Model 2,12.0,1.9999999999999998,2.5120277777777775
Model 2,12.5,1.9999999999999998,3.0920277777777763
Model 2,13.0,1.9999999999999998,2.658777777777777
Model 2,13.5,1.9999999999999998,2.2628055555555524
Model 2,14.0,1.9999999999999998,1.6178611111111116
Model 2,14.5,1.9999999999999998,0.5638055555555557
Model 2,15.0,1.9999999999999998,0.14636111111111114
Model 2,8.5,2.1999999999999997,0.06133333333333324
Model 2,9.0,2.1999999999999997,3.0064722222222167
Model 2,9.5,2.1999999999999997,3.3273611111111125
Model 2,10.0,2.1999999999999997,3.6396666666666673
Model 2,10.5,2.1999999999999997,3.4095555555555617
Model 2,11.0,2.1999999999999997,2.922305555555554
Model 2,11.5,2.1999999999999997,2.354166666666668
Model 2,12.0,2.1999999999999997,1.487972222222221
Model 2,12.5,2.1999999999999997,0.7308888888888891
Model 2,13.0,2.1999999999999997,0.8614722222222216
Model 2,14.0,2.1999999999999997,1.5525555555555566
Model 2,14.5,2.1999999999999997,2.1982222222222205
Model 2,15.0,2.1999999999999997,2.1970555555555573
Model 2,8,2.4,4.136138888888887
Model 2,8.5,2.4,3.6879444444444425
Model 2,9.0,2.4,3.0182222222222204
Model 2,9.5,2.4,2.3026388888888865
Model 2,10.0,2.4,1.5465277777777775
Model 2,10.5,2.4,1.3729722222222218
Model 2,11.5,2.4,1.6019166666666658
Model 2,12.0,2.4,2.9013611111111106
Model 2,12.5,2.4,2.7364999999999955
Model 2,13.0,2.4,3.032916666666663
Model 2,13.5,2.4,2.4980277777777737
Model 2,14.0,2.4,1.9138055555555538
Model 2,14.5,2.4,1.1937777777777763
Model 2,15.0,2.4,0.27155555555555577
Model 2,8,2.6,1.7910833333333338
Model 2,9.0,2.6,1.4896666666666647
Model 2,9.5,2.6,3.510027777777781
Model 2,10.0,2.6,3.2087499999999975
Model 2,10.5,2.6,3.73436111111111
Model 2,11.0,2.6,3.16888888888889
Model 2,11.5,2.6,2.7418611111111115
Model 2,12.0,2.6,2.0683611111111073
Model 2,12.5,2.6,1.0938055555555555
Model 2,13.0,2.6,0.3491111111111107
Model 2,14.0,2.6,0.46611111111111087
Model 2,14.5,2.6,2.1924444444444444
Model 2,15.0,2.6,1.9340555555555525
Model 2,8,2.8000000000000003,4.400972222222226
Model 2,8.5,2.8000000000000003,3.8462222222222238
Model 2,9.0,2.8000000000000003,3.4898333333333333
Model 2,9.5,2.8000000000000003,2.808444444444443
Model 2,10.0,2.8000000000000003,1.809138888888888
Model 2,10.5,2.8000000000000003,1.2492222222222211
Model 2,11.5,2.8000000000000003,0.2584999999999996
Model 2,12.0,2.8000000000000003,2.5460555555555575
Model 2,12.5,2.8000000000000003,2.623805555555552
Model 2,13.0,2.8000000000000003,3.157472222222223
Model 2,13.5,2.8000000000000003,2.774555555555556
Model 2,14.0,2.8000000000000003,2.3299999999999974
Model 2,14.5,2.8000000000000003,1.724027777777777
Model 2,15.0,2.8000000000000003,0.6184444444444442
Model 3,8,0,0.46838888888888824
Model 3,8.5,0,0.32480555555555546
Model 3,9.5,0,0.10038888888888885
Model 3,10.0,0,0.7173333333333338
Model 3,10.5,0,0.6960833333333337
Model 3,11.0,0,0.8881666666666664
Model 3,11.5,0,0.7463333333333337
Model 3,12.0,0,0.6198333333333333
Model 3,12.5,0,0.43950000000000033
Model 3,13.0,0,0.2054722222222225
Model 3,13.5,0,0.11608333333333337
Model 3,14.0,0,0.22355555555555548
Model 3,15.0,0,0.35622222222222216
Model 3,8,0.2,0.9614722222222225
Model 3,8.5,0.2,1.064916666666667
Model 3,9.0,0.2,0.9679722222222223
Model 3,9.5,0.2,0.830694444444445
Model 3,10.0,0.2,0.6624722222222219
Model 3,10.5,0.2,0.4019444444444438
Model 3,11.0,0.2,0.23841666666666694
Model 3,11.5,0.2,0.262861111111111
Model 3,12.5,0.2,0.44769444444444434
Model 3,13.0,0.2,0.6044444444444432
Model 3,13.5,0.2,0.6131111111111107
Model 3,14.0,0.2,0.621472222222222
Model 3,14.5,0.2,0.5058888888888886
Model 3,15.0,0.2,0.2956666666666667
Model 3,8,0.4,0.6445277777777768
Model 3,8.5,0.4,0.42938888888888843
Model 3,9.0,0.4,0.39169444444444484
Model 3,10.0,0.4,0.45969444444444424
Model 3,10.5,0.4,0.8185555555555549
Model 3,11.0,0.4,0.7670277777777771
Model 3,11.5,0.4,0.8354166666666658
Model 3,12.0,0.4,0.6916944444444438
Model 3,12.5,0.4,0.5190555555555556
Model 3,13.0,0.4,0.3392222222222221
Model 3,13.5,0.4,0.16227777777777777
Model 3,14.0,0.4,0.08530555555555557
Model 3,15.0,0.4,0.13941666666666666
Model 3,8,0.6000000000000001,1.0281111111111108
Model 3,8.5,0.6000000000000001,0.9195277777777776
Model 3,9.0,0.6000000000000001,1.0645833333333334
Model 3,9.5,0.6000000000000001,0.8991666666666661
Model 3,10.0,0.6000000000000001,0.7685833333333335
Model 3,10.5,0.6000000000000001,0.591694444444445
Model 3,11.0,0.6000000000000001,0.31266666666666654
Model 3,11.5,0.6000000000000001,0.15919444444444442
Model 3,12.5,0.6000000000000001,0.1489444444444444
Model 3,13.0,0.6000000000000001,0.6238888888888887
Model 3,13.5,0.6000000000000001,0.5179722222222221
Model 3,14.0,0.6000000000000001,0.7094999999999997
Model 3,14.5,0.6000000000000001,0.5431388888888888
Model 3,15.0,0.6000000000000001,0.4476666666666666
Model 3,8,0.8,0.7969166666666664
Model 3,8.5,0.8,0.4809999999999996
Model 3,9.0,0.8,0.3620000000000002
Model 3,10.0,0.8,0.06455555555555555
Model 3,10.5,0.8,0.7172500000000003
Model 3,11.0,0.8,0.7124722222222225
Model 3,11.5,0.8,0.8874166666666667
Model 3,12.0,0.8,0.7767222222222232
Model 3,12.5,0.8,0.6390555555555562
Model 3,13.0,0.8,0.4637499999999998
Model 3,13.5,0.8,0.22588888888888875
Model 3,14.0,0.8,0.11472222222222216
Model 3,14.5,0.8,0.2144999999999999
Model 3,8,1.0,0.9087222222222227
Model 3,8.5,1.0,0.9874722222222228
Model 3,9.0,1.0,1.0469166666666667
Model 3,9.5,1.0,1.0032499999999995
Model 3,10.0,1.0,0.863833333333332
Model 3,10.5,1.0,0.6842777777777784
Model 3,11.0,1.0,0.43380555555555605
Model 3,11.5,1.0,0.2529166666666664
Model 3,12.0,1.0,0.26933333333333326
Model 3,13.0,1.0,0.4210833333333335
Model 3,13.5,1.0,0.6171111111111107
Model 3,14.0,1.0,0.6170555555555557
Model 3,14.5,1.0,0.666361111111111
Model 3,15.0,1.0,0.5172499999999997
Model 3,8,1.2,0.8785277777777786
Model 3,8.5,1.2,0.6747222222222213
Model 3,9.0,1.2,0.43063888888888874
Model 3,9.5,1.2,0.36669444444444443
Model 3,10.5,1.2,0.40480555555555553
Model 3,11.0,1.2,0.8188611111111106
Model 3,11.5,1.2,0.7589444444444449
Model 3,12.0,1.2,0.8756666666666665
Model 3,12.5,1.2,0.722388888888888
Model 3,13.0,1.2,0.5641388888888883
Model 3,13.5,1.2,0.35986111111111113
Model 3,14.0,1.2,0.1722222222222223
Model 3,14.5,1.2,0.07766666666666662
Model 3,8,1.4,0.37641666666666657
Model 3,8.5,1.4,1.0354166666666662
Model 3,9.0,1.4,0.9476666666666665
Model 3,9.5,1.4,1.0925555555555548
Model 3,10.0,1.4,0.9125833333333333
Model 3,10.5,1.4,0.7952222222222226
Model 3,11.0,1.4,0.5997777777777775
Model 3,11.5,1.4,0.3153333333333334
Model 3,12.0,1.4,0.16649999999999995
Model 3,13.0,1.4,0.11211111111111116
Model 3,13.5,1.4,0.5958333333333333
Model 3,14.0,1.4,0.5260555555555553
Model 3,14.5,1.4,0.7199444444444444
Model 3,15.0,1.4,0.5685555555555554
Model 3,8,1.5999999999999999,1.0305000000000006
Model 3,8.5,1.5999999999999999,0.8241111111111107
Model 3,9.0,1.5999999999999999,0.5038333333333334
Model 3,9.5,1.5999999999999999,0.3788611111111108
Model 3,10.5,1.5999999999999999,0.01569444444444444
Model 3,11.0,1.5999999999999999,0.7133333333333332
Model 3,11.5,1.5999999999999999,0.7753611111111111
Model 3,12.0,1.5999999999999999,0.9042777777777776
Model 3,12.5,1.5999999999999999,0.7990277777777779
Model 3,13.0,1.5999999999999999,0.6410277777777768
Model 3,13.5,1.5999999999999999,0.48150000000000015
Model 3,14.0,1.5999999999999999,0.24044444444444446
Model 3,14.5,1.5999999999999999,0.1135555555555556
Model 3,15.0,1.5999999999999999,0.1774444444444444
Model 3,8.5,1.7999999999999998,0.8962500000000002
Model 3,9.0,1.7999999999999998,1.0054166666666664
Model 3,9.5,1.7999999999999998,1.0210277777777785
Model 3,10.0,1.7999999999999998,1.0253611111111107
Model 3,10.5,1.7999999999999998,0.9034999999999994
Model 3,11.0,1.7999999999999998,0.6949722222222221
Model 3,11.5,1.7999999999999998,0.4529999999999999
Model 3,12.0,1.7999999999999998,0.2564999999999999
Model 3,12.5,1.7999999999999998,0.26666666666666644
Model 3,13.5,1.7999999999999998,0.36783333333333335
Model 3,14.0,1.7999999999999998,0.6661666666666671
Model 3,14.5,1.7999999999999998,0.6176666666666663
Model 3,15.0,1.7999999999999998,0.6859722222222228
Model 3,8,1.9999999999999998,1.0978611111111105
Model 3,8.5,1.9999999999999998,0.9012777777777773
Model 3,9.0,1.9999999999999998,0.6905833333333331
Model 3,9.5,1.9999999999999998,0.43405555555555514
Model 3,10.0,1.9999999999999998,0.32777777777777795
Model 3,11.0,1.9999999999999998,0.35938888888888876
Model 3,11.5,1.9999999999999998,0.8441666666666668
Model 3,12.0,1.9999999999999998,0.7456111111111103
Model 3,12.5,1.9999999999999998,0.8962222222222229
Model 3,13.0,1.9999999999999998,0.7271666666666665
Model 3,13.5,1.9999999999999998,0.5822500000000003
Model 3,14.0,1.9999999999999998,0.3764444444444445
Model 3,14.5,1.9999999999999998,0.17741666666666678
Model 3,15.0,1.9999999999999998,0.06561111111111112
Model 3,8.5,2.1999999999999997,0.32713888888888876
Model 3,9.0,2.1999999999999997,1.0374722222222221
Model 3,9.5,2.1999999999999997,0.9226111111111109
Model 3,10.0,2.1999999999999997,1.1209166666666668
Model 3,10.5,2.1999999999999997,0.9338055555555567
Model 3,11.0,2.1999999999999997,0.8262500000000002
Model 3,11.5,2.1999999999999997,0.6002500000000001
Model 3,12.0,2.1999999999999997,0.3013888888888889
Model 3,12.5,2.1999999999999997,0.17249999999999996
Model 3,13.5,2.1999999999999997,0.07291666666666667
Model 3,14.0,2.1999999999999997,0.5596944444444444
Model 3,14.5,2.1999999999999997,0.5356666666666665
Model 3,15.0,2.1999999999999997,0.7386666666666665
Model 3,8,2.4,1.1722499999999998
Model 3,8.5,2.4,1.0451666666666655
Model 3,9.0,2.4,0.8496944444444451
Model 3,9.5,2.4,0.5203888888888889
Model 3,10.0,2.4,0.37955555555555553
Model 3,10.5,2.4,0.5334444444444443
Model 3,11.5,2.4,0.7166944444444446
Model 3,12.0,2.4,0.8100555555555544
Model 3,12.5,2.4,0.9158333333333328
Model 3,13.0,2.4,0.8127499999999994
Model 3,13.5,2.4,0.665166666666666
Model 3,14.0,2.4,0.4790555555555555
Model 3,14.5,2.4,0.23966666666666672
Model 3,15.0,2.4,0.11197222222222225
Model 3,8,2.6,0.59725
Model 3,9.0,2.6,0.8222222222222226
Model 3,9.5,2.6,1.0061111111111114
Model 3,10.0,2.6,1.0245833333333327
Model 3,10.5,2.6,1.034138888888889
Model 3,11.0,2.6,0.9170277777777777
Model 3,11.5,2.6,0.6742500000000001
Model 3,12.0,2.6,0.4641388888888894
Model 3,12.5,2.6,0.2529166666666666
Model 3,13.0,2.6,0.22586111111111107
Model 3,14.0,2.6,0.3259999999999998
Model 3,14.5,2.6,0.6633055555555555
Model 3,15.0,2.6,0.5915277777777777
Model 3,8,2.8000000000000003,1.2606666666666655
Model 3,8.5,2.8000000000000003,1.1165000000000003
Model 3,9.0,2.8000000000000003,0.9292777777777766
Model 3,9.5,2.8000000000000003,0.696194444444444
Model 3,10.0,2.8000000000000003,0.44219444444444456
Model 3,10.5,2.8000000000000003,0.29133333333333333
Model 3,11.5,2.8000000000000003,0.3188611111111112
Model 3,12.0,2.8000000000000003,0.8671666666666659
Model 3,12.5,2.8000000000000003,0.7502222222222219
Model 3,13.0,2.8000000000000003,0.9040277777777777
Model 3,13.5,2.8000000000000003,0.7227222222222218
Model 3,14.0,2.8000000000000003,0.5822499999999998
Model 3,14.5,2.8000000000000003,0.38558333333333344
Model 3,15.0,2.8000000000000003,0.1584722222222223
Model 4,8,0,0.4695833333333335
Model 4,8.5,0,0.3268611111111108
Model 4,9.5,0,0.3205277777777777
Model 4,10.0,0,0.8567499999999993
Model 4,10.5,0,0.7489722222222215
Model 4,11.0,0,0.8920000000000003
Model 4,11.5,0,0.7277222222222233
Model 4,12.0,0,0.5901666666666667
Model 4,12.5,0,0.41822222222222155
Model 4,13.0,0,0.1855555555555556
Model 4,13.5,0,0.07425000000000004
Model 4,14.5,0,0.09583333333333335
Model 4,15.0,0,0.4668888888888893
Model 4,8,0.2,0.9011388888888888
Model 4,8.5,0.2,1.0988888888888892
Model 4,9.0,0.2,0.9337222222222225
Model 4,9.5,0.2,0.8383888888888901
Model 4,10.0,0.2,0.627583333333333
Model 4,10.5,0.2,0.32505555555555554
Model 4,11.0,0.2,0.2201388888888888
Model 4,12.0,0.2,0.03722222222222221
Model 4,12.5,0.2,0.5443611111111112
Model 4,13.0,0.2,0.5506944444444445
Model 4,13.5,0.2,0.7197777777777775
Model 4,14.0,0.2,0.6062222222222217
Model 4,14.5,0.2,0.4674999999999999
Model 4,15.0,0.2,0.30183333333333323
Model 4,8,0.4,0.5692222222222229
Model 4,8.5,0.4,0.4023888888888886
Model 4,9.0,0.4,0.5156111111111108
Model 4,10.0,0.4,0.7336388888888888
Model 4,10.5,0.4,0.8152222222222206
Model 4,11.0,0.4,0.867000000000001
Model 4,11.5,0.4,0.8362222222222225
Model 4,12.0,0.4,0.6928333333333337
Model 4,12.5,0.4,0.5044722222222222
Model 4,13.0,0.4,0.2854444444444446
Model 4,13.5,0.4,0.1455833333333333
Model 4,14.0,0.4,0.16294444444444442
Model 4,15.0,0.4,0.28625000000000017
Model 4,8,0.6000000000000001,1.0158055555555556
Model 4,8.5,0.6000000000000001,1.0091944444444445
Model 4,9.0,0.6000000000000001,1.0658333333333325
Model 4,9.5,0.6000000000000001,0.9072499999999996
Model 4,10.0,0.6000000000000001,0.7092499999999998
Model 4,10.5,0.6000000000000001,0.5085277777777775
Model 4,11.0,0.6000000000000001,0.2771111111111109
Model 4,11.5,0.6000000000000001,0.22702777777777775
Model 4,12.5,0.6000000000000001,0.2851111111111109
Model 4,13.0,0.6000000000000001,0.6539166666666659
Model 4,13.5,0.6000000000000001,0.5846666666666664
Model 4,14.0,0.6000000000000001,0.7097499999999999
Model 4,14.5,0.6000000000000001,0.5509166666666673
Model 4,15.0,0.6000000000000001,0.39713888888888904
Model 4,8,0.8,0.7416111111111107
Model 4,8.5,0.8,0.4982222222222216
Model 4,9.0,0.8,0.32997222222222244
Model 4,10.0,0.8,0.2941944444444442
Model 4,10.5,0.8,0.8660555555555557
Model 4,11.0,0.8,0.7712777777777778
Model 4,11.5,0.8,0.9221388888888874
Model 4,12.0,0.8,0.7386944444444443
Model 4,12.5,0.8,0.6302499999999999
Model 4,13.0,0.8,0.423916666666667
Model 4,13.5,0.8,0.19205555555555562
Model 4,14.0,0.8,0.0840555555555556
Model 4,15.0,0.8,0.07083333333333336
Model 4,8,1.0,0.9810277777777776
Model 4,8.5,1.0,0.9219166666666653
Model 4,9.0,1.0,1.1218055555555553
Model 4,9.5,1.0,0.969833333333333
Model 4,10.0,1.0,0.8631111111111109
Model 4,10.5,1.0,0.6539722222222233
Model 4,11.0,1.0,0.35102777777777744
Model 4,11.5,1.0,0.23586111111111088
Model 4,12.5,1.0,0.0015277777777777779
Model 4,13.0,1.0,0.5433888888888889
Model 4,13.5,1.0,0.6121111111111102
Model 4,14.0,1.0,0.7378888888888896
Model 4,14.5,1.0,0.6293888888888886
Model 4,15.0,1.0,0.4727222222222227
Model 4,8,1.2,0.8928888888888904
Model 4,8.5,1.2,0.6065277777777776
Model 4,9.0,1.2,0.41124999999999984
Model 4,9.5,1.2,0.47086111111111134
Model 4,10.5,1.2,0.7199722222222221
Model 4,11.0,1.2,0.8445555555555553
Model 4,11.5,1.2,0.8428055555555545
Model 4,12.0,1.2,0.8505
Model 4,12.5,1.2,0.7317500000000012
Model 4,13.0,1.2,0.5122499999999999
Model 4,13.5,1.2,0.3066944444444449
Model 4,14.0,1.2,0.15333333333333332
Model 4,14.5,1.2,0.15772222222222226
Model 4,8,1.4,0.6806388888888887
Model 4,8.5,1.4,1.0653333333333335
Model 4,9.0,1.4,1.0273611111111112
Model 4,9.5,1.4,1.0913611111111112
Model 4,10.0,1.4,0.932138888888889
Model 4,10.5,1.4,0.7298611111111101
Model 4,11.0,1.4,0.5256388888888892
Model 4,11.5,1.4,0.28652777777777766
Model 4,12.0,1.4,0.19722222222222213
Model 4,13.0,1.4,0.24958333333333332
Model 4,13.5,1.4,0.6820277777777777
Model 4,14.0,1.4,0.5735555555555556
Model 4,14.5,1.4,0.7313333333333326
Model 4,15.0,1.4,0.5559444444444446
Model 4,8,1.5999999999999999,1.0018333333333327
Model 4,8.5,1.5999999999999999,0.7901666666666651
Model 4,9.0,1.5999999999999999,0.5141666666666663
Model 4,9.5,1.5999999999999999,0.3168888888888892
Model 4,10.5,1.5999999999999999,0.2602500000000001
Model 4,11.0,1.5999999999999999,0.8683611111111104
Model 4,11.5,1.5999999999999999,0.743111111111111
Model 4,12.0,1.5999999999999999,0.948166666666667
Model 4,12.5,1.5999999999999999,0.7628055555555543
Model 4,13.0,1.5999999999999999,0.6559722222222215
Model 4,13.5,1.5999999999999999,0.4266666666666667
Model 4,14.0,1.5999999999999999,0.18316666666666673
Model 4,14.5,1.5999999999999999,0.09552777777777775
Model 4,8,1.7999999999999998,0.1313888888888888
Model 4,8.5,1.7999999999999998,0.9561944444444448
Model 4,9.0,1.7999999999999998,0.9506111111111115
Model 4,9.5,1.7999999999999998,1.1494999999999995
Model 4,10.0,1.7999999999999998,1.007055555555554
Model 4,10.5,1.7999999999999998,0.8730833333333327
Model 4,11.0,1.7999999999999998,0.6808611111111115
Model 4,11.5,1.7999999999999998,0.37074999999999997
Model 4,12.0,1.7999999999999998,0.23863888888888868
Model 4,12.5,1.7999999999999998,0.38199999999999984
Model 4,13.5,1.7999999999999998,0.5486666666666667
Model 4,14.0,1.7999999999999998,0.644416666666666
Model 4,14.5,1.7999999999999998,0.7475277777777773
Model 4,15.0,1.7999999999999998,0.6512222222222214
Model 4,8,1.9999999999999998,1.0946944444444433
Model 4,8.5,1.9999999999999998,0.9175555555555557
Model 4,9.0,1.9999999999999998,0.6266666666666669
Model 4,9.5,1.9999999999999998,0.4230277777777777
Model 4,10.0,1.9999999999999998,0.4370277777777777
Model 4,11.0,1.9999999999999998,0.6560277777777772
Model 4,11.5,1.9999999999999998,0.8389444444444443
Model 4,12.0,1.9999999999999998,0.859499999999999
Model 4,12.5,1.9999999999999998,0.8711944444444439
Model 4,13.0,1.9999999999999998,0.7421111111111112
Model 4,13.5,1.9999999999999998,0.5069999999999999
Model 4,14.0,1.9999999999999998,0.3170277777777777
Model 4,14.5,1.9999999999999998,0.1464722222222223
Model 4,15.0,1.9999999999999998,0.13122222222222227
Model 4,8.5,2.1999999999999997,0.6182222222222221
Model 4,9.0,2.1999999999999997,1.0696666666666665
Model 4,9.5,2.1999999999999997,1.024861111111111
Model 4,10.0,2.1999999999999997,1.1003333333333336
Model 4,10.5,2.1999999999999997,0.9504722222222222
Model 4,11.0,2.1999999999999997,0.7623055555555557
Model 4,11.5,2.1999999999999997,0.5386388888888888
Model 4,12.0,2.1999999999999997,0.2999722222222222
Model 4,12.5,2.1999999999999997,0.17780555555555552
Model 4,13.5,2.1999999999999997,0.2280555555555556
Model 4,14.0,2.1999999999999997,0.7040000000000003
Model 4,14.5,2.1999999999999997,0.5836944444444447
Model 4,15.0,2.1999999999999997,0.7369722222222219
Model 4,8,2.4,1.1625833333333326
Model 4,8.5,2.4,1.0239999999999994
Model 4,9.0,2.4,0.8304166666666668
Model 4,9.5,2.4,0.5005555555555554
Model 4,10.0,2.4,0.30055555555555563
Model 4,11.0,2.4,0.20947222222222223
Model 4,11.5,2.4,0.8555833333333338
Model 4,12.0,2.4,0.7403611111111095
Model 4,12.5,2.4,0.9479166666666656
Model 4,13.0,2.4,0.7726944444444447
Model 4,13.5,2.4,0.6708055555555552
Model 4,14.0,2.4,0.43788888888888916
Model 4,14.5,2.4,0.1778333333333334
Model 4,15.0,2.4,0.09825000000000002
Model 4,8.5,2.6,0.0745555555555555
Model 4,9.0,2.6,0.9523055555555549
Model 4,9.5,2.6,0.9585555555555559
Model 4,10.0,2.6,1.1487777777777772
Model 4,10.5,2.6,1.0341944444444422
Model 4,11.0,2.6,0.8787222222222227
Model 4,11.5,2.6,0.6898611111111103
Model 4,12.0,2.6,0.38280555555555545
Model 4,12.5,2.6,0.21891666666666662
Model 4,13.0,2.6,0.34425000000000006
Model 4,14.0,2.6,0.5528333333333337
Model 4,14.5,2.6,0.6488611111111109
Model 4,15.0,2.6,0.7008888888888893
Model 4,8,2.8000000000000003,1.2708611111111112
Model 4,8.5,2.8000000000000003,1.1246388888888896
Model 4,9.0,2.8000000000000003,0.9228333333333324
Model 4,9.5,2.8000000000000003,0.6431388888888889
Model 4,10.0,2.8000000000000003,0.4206666666666668
Model 4,10.5,2.8000000000000003,0.4274166666666666
Model 4,11.5,2.8000000000000003,0.6006388888888888
Model 4,12.0,2.8000000000000003,0.8485833333333326
Model 4,12.5,2.8000000000000003,0.8464722222222217
Model 4,13.0,2.8000000000000003,0.9015833333333336
Model 4,13.5,2.8000000000000003,0.7298888888888884
Model 4,14.0,2.8000000000000003,0.5087777777777778
Model 4,14.5,2.8000000000000003,0.31983333333333336
Model 4,15.0,2.8000000000000003,0.13008333333333333
