Model 1,8,0,0.34861111111111187
Model 1,9.0,0,0.25683333333333325
Model 1,9.5,0,0.871833333333333
Model 1,10.0,0,0.7533055555555556
Model 1,10.5,0,0.9661944444444442
Model 1,11.0,0,0.779055555555555
Model 1,11.5,0,0.6798611111111106
Model 1,12.0,0,0.4659444444444446
Model 1,12.5,0,0.20230555555555557
Model 1,13.0,0,0.11961111111111107
Model 1,14.0,0,0.045916666666666696
Model 1,14.5,0,0.42941666666666684
Model 1,15.0,0,0.4090277777777773
Model 1,8,0.2,1.159666666666667
Model 1,8.5,0.2,1.0344722222222231
Model 1,9.0,0.2,0.8920277777777772
Model 1,9.5,0.2,0.7070833333333335
Model 1,10.0,0.2,0.41355555555555557
Model 1,10.5,0.2,0.2695555555555554
Model 1,11.0,0.2,0.40416666666666645
Model 1,12.0,0.2,0.5794999999999996
Model 1,12.5,0.2,0.6777777777777779
Model 1,13.0,0.2,0.7601388888888895
Model 1,13.5,0.2,0.6877222222222219
Model 1,14.0,0.2,0.5428055555555553
Model 1,14.5,0.2,0.3643333333333331
Model 1,15.0,0.2,0.16927777777777772
Model 1,8,0.4,0.4604444444444445
Model 1,8.5,0.4,0.47383333333333305
Model 1,9.5,0.4,0.6541944444444437
Model 1,10.0,0.4,0.8505833333333331
Model 1,10.5,0.4,0.8794166666666662
Model 1,11.0,0.4,0.9117222222222219
Model 1,11.5,0.4,0.7658888888888901
Model 1,12.0,0.4,0.5516944444444445
Model 1,12.5,0.4,0.3656388888888892
Model 1,13.0,0.4,0.17297222222222228
Model 1,13.5,0.4,0.15347222222222226
Model 1,14.5,0.4,0.22641666666666668
Model 1,15.0,0.4,0.5320277777777779
Model 1,8,0.6000000000000001,1.041222222222222
Model 1,8.5,0.6000000000000001,1.130694444444445
Model 1,9.0,0.6000000000000001,0.9772222222222222
Model 1,9.5,0.6000000000000001,0.8012499999999996
Model 1,10.0,0.6000000000000001,0.5846666666666661
Model 1,10.5,0.6000000000000001,0.3555555555555558
Model 1,11.0,0.6000000000000001,0.21800000000000003
Model 1,12.0,0.6000000000000001,0.24400000000000002
Model 1,12.5,0.6000000000000001,0.7386388888888887
Model 1,13.0,0.6000000000000001,0.6363333333333333
Model 1,13.5,0.6000000000000001,0.7730555555555549
Model 1,14.0,0.6000000000000001,0.6030000000000002
Model 1,14.5,0.6000000000000001,0.46438888888888863
Model 1,15.0,0.6000000000000001,0.2850555555555554
Model 1,8,0.8,0.550138888888888
Model 1,8.5,0.8,0.36394444444444435
Model 1,9.5,0.8,0.20397222222222225
Model 1,10.0,0.8,0.870583333333333
Model 1,10.5,0.8,0.7873888888888892
Model 1,11.0,0.8,0.9771111111111108
Model 1,11.5,0.8,0.8065277777777771
Model 1,12.0,0.8,0.7191388888888887
Model 1,12.5,0.8,0.4985277777777778
Model 1,13.0,0.8,0.22475000000000006
Model 1,13.5,0.8,0.13030555555555554
Model 1,14.5,0.8,0.02636111111111112
Model 1,15.0,0.8,0.4266666666666665
Model 1,8,1.0,1.0133888888888882
Model 1,8.5,1.0,1.17125
Model 1,9.0,1.0,1.0658333333333323
Model 1,9.5,1.0,0.907416666666667
Model 1,10.0,1.0,0.7456111111111112
Model 1,10.5,1.0,0.4467777777777776
Model 1,11.0,1.0,0.27199999999999985
Model 1,11.5,1.0,0.37319444444444444
Model 1,12.5,1.0,0.6003611111111111
Model 1,13.0,1.0,0.6965833333333334
Model 1,13.5,1.0,0.7221666666666657
Model 1,14.0,1.0,0.7136111111111116
Model 1,14.5,1.0,0.5721111111111112
Model 1,15.0,1.0,0.36874999999999986
Model 1,8,1.2,0.7051944444444449
Model 1,8.5,1.2,0.47561111111111115
Model 1,9.0,1.2,0.4899444444444443
Model 1,10.0,1.2,0.6103611111111117
Model 1,10.5,1.2,0.9118611111111118
Model 1,11.0,1.2,0.8911111111111115
Model 1,11.5,1.2,0.949916666666667
Model 1,12.0,1.2,0.7845000000000011
Model 1,12.5,1.2,0.5751666666666664
Model 1,13.0,1.2,0.383833333333333
Model 1,13.5,1.2,0.17444444444444462
Model 1,14.0,1.2,0.13322222222222227
Model 1,15.0,1.2,0.1969166666666666
Model 1,8,1.4,1.1049166666666665
Model 1,8.5,1.4,1.0313055555555566
Model 1,9.0,1.4,1.1616388888888889
Model 1,9.5,1.4,1.0031388888888884
Model 1,10.0,1.4,0.8556111111111105
Model 1,10.5,1.4,0.6144722222222225
Model 1,11.0,1.4,0.371194444444444
Model 1,11.5,1.4,0.20752777777777787
Model 1,12.5,1.4,0.22127777777777774
Model 1,13.0,1.4,0.7337222222222227
Model 1,13.5,1.4,0.629333333333333
Model 1,14.0,1.4,0.8053611111111105
Model 1,14.5,1.4,0.6075833333333336
Model 1,15.0,1.4,0.4941388888888887
Model 1,8,1.5999999999999999,0.8780833333333341
Model 1,8.5,1.5999999999999999,0.5510555555555551
Model 1,9.0,1.5999999999999999,0.37602777777777774
Model 1,10.0,1.5999999999999999,0.15263888888888888
Model 1,10.5,1.5999999999999999,0.8429444444444444
Model 1,11.0,1.5999999999999999,0.8020555555555549
Model 1,11.5,1.5999999999999999,1.0127500000000003
Model 1,12.0,1.5999999999999999,0.8504444444444446
Model 1,12.5,1.5999999999999999,0.7273055555555543
Model 1,13.0,1.5999999999999999,0.5110555555555556
Model 1,13.5,1.5999999999999999,0.24252777777777787
Model 1,14.0,1.5999999999999999,0.1396388888888889
Model 1,15.0,1.5999999999999999,0.0
Model 1,8,1.7999999999999998,0.9923888888888872
Model 1,8.5,1.7999999999999998,1.0689722222222224
Model 1,9.0,1.7999999999999998,1.187527777777778
Model 1,9.5,1.7999999999999998,1.0876944444444445
Model 1,10.0,1.7999999999999998,0.9301388888888897
Model 1,10.5,1.7999999999999998,0.7707499999999992
Model 1,11.0,1.7999999999999998,0.4658888888888884
Model 1,11.5,1.7999999999999998,0.274388888888889
Model 1,12.0,1.7999999999999998,0.3259999999999999
Model 1,13.0,1.7999999999999998,0.5483333333333333
Model 1,13.5,1.7999999999999998,0.6989444444444443
Model 1,14.0,1.7999999999999998,0.6945833333333341
Model 1,14.5,1.7999999999999998,0.7057777777777777
Model 1,15.0,1.7999999999999998,0.5916111111111108
Model 1,8,1.9999999999999998,0.9613888888888883
Model 1,8.5,1.9999999999999998,0.7354166666666655
Model 1,9.0,1.9999999999999998,0.49513888888888885
Model 1,9.5,1.9999999999999998,0.47097222222222185
Model 1,10.5,1.9999999999999998,0.5457499999999998
Model 1,11.0,1.9999999999999998,0.9456388888888878
Model 1,11.5,1.9999999999999998,0.8921111111111099
Model 1,12.0,1.9999999999999998,0.9537499999999991
Model 1,12.5,1.9999999999999998,0.7991111111111106
Model 1,13.0,1.9999999999999998,0.5871388888888889
Model 1,13.5,1.9999999999999998,0.38483333333333325
Model 1,14.0,1.9999999999999998,0.1836388888888889
Model 1,14.5,1.9999999999999998,0.10844444444444448
Model 1,8,2.1999999999999997,0.4918611111111113
Model 1,8.5,2.1999999999999997,1.1308888888888893
Model 1,9.0,2.1999999999999997,1.0438333333333332
Model 1,9.5,2.1999999999999997,1.1978055555555545
Model 1,10.0,2.1999999999999997,1.0291944444444439
Model 1,10.5,2.1999999999999997,0.8829166666666665
Model 1,11.0,2.1999999999999997,0.6482777777777785
Model 1,11.5,2.1999999999999997,0.36591666666666667
Model 1,12.0,2.1999999999999997,0.18552777777777776
Model 1,13.0,2.1999999999999997,0.19561111111111104
Model 1,13.5,2.1999999999999997,0.7106944444444443
Model 1,14.0,2.1999999999999997,0.5841944444444449
Model 1,14.5,2.1999999999999997,0.8116111111111115
Model 1,15.0,2.1999999999999997,0.6109444444444448
Model 1,8,2.4,1.126027777777778
Model 1,8.5,2.4,0.8945833333333332
Model 1,9.0,2.4,0.5321666666666669
Model 1,9.5,2.4,0.3922777777777778
Model 1,10.5,2.4,0.09972222222222225
Model 1,11.0,2.4,0.8189722222222223
Model 1,11.5,2.4,0.8045555555555555
Model 1,12.0,2.4,1.0130555555555556
Model 1,12.5,2.4,0.8761111111111122
Model 1,13.0,2.4,0.7221111111111116
Model 1,13.5,2.4,0.5169166666666659
Model 1,14.0,2.4,0.2405833333333334
Model 1,14.5,2.4,0.1297222222222222
Model 1,15.0,2.4,0.24997222222222232
Model 1,8.5,2.6,0.9983611111111113
Model 1,9.0,2.6,1.1067777777777779
Model 1,9.5,2.6,1.2029722222222217
Model 1,10.0,2.6,1.1297499999999998
Model 1,10.5,2.6,0.9744999999999994
Model 1,11.0,2.6,0.7741388888888896
Model 1,11.5,2.6,0.47055555555555556
Model 1,12.0,2.6,0.27330555555555563
Model 1,12.5,2.6,0.29494444444444456
Model 1,13.5,2.6,0.48441666666666683
Model 1,14.0,2.6,0.6749166666666659
Model 1,14.5,2.6,0.7053888888888891
Model 1,15.0,2.6,0.740527777777777
Model 1,8,2.8000000000000003,1.2114444444444443
Model 1,8.5,2.8000000000000003,0.9846111111111115
Model 1,9.0,2.8000000000000003,0.7497499999999996
Model 1,9.5,2.8000000000000003,0.4789722222222223
Model 1,10.0,2.8000000000000003,0.42930555555555533
Model 1,11.0,2.8000000000000003,0.48402777777777783
Model 1,11.5,2.8000000000000003,0.927472222222222
Model 1,12.0,2.8000000000000003,0.875527777777778
Model 1,12.5,2.8000000000000003,0.9687777777777777
Model 1,13.0,2.8000000000000003,0.7979722222222217
Model 1,13.5,2.8000000000000003,0.6035555555555555
Model 1,14.0,2.8000000000000003,0.3860555555555555
Model 1,14.5,2.8000000000000003,0.18630555555555556
Model 1,15.0,2.8000000000000003,0.08936111111111107
Model 2,8,0,1.479388888888888
Model 2,8.5,0,1.3754999999999993
Model 2,9.5,0,1.6622222222222207
Model 2,10.0,0,2.88511111111111
Model 2,10.5,0,2.7417777777777714
Model 2,11.0,0,3.0296666666666616
Model 2,11.5,0,2.4808333333333312
Model 2,12.0,0,1.8586944444444424
Model 2,12.5,0,1.1712777777777752
Model 2,13.0,0,0.3568888888888891
Model 2,13.5,0,0.1641111111111111
Model 2,14.5,0,0.38352777777777797
Model 2,15.0,0,1.6116388888888882
Model 2,8,0.2,3.2452499999999977
Model 2,8.5,0.2,3.736416666666664
Model 2,9.0,0.2,3.179138888888889
Model 2,9.5,0.2,2.7175555555555544
Model 2,10.0,0.2,1.990861111111104
Model 2,10.5,0.2,1.0934444444444438
Model 2,11.0,0.2,0.4797222222222219
Model 2,12.0,0.2,0.5100277777777775
Model 2,12.5,0.2,2.1878055555555544
Model 2,13.0,0.2,1.93472222222222
Model 2,13.5,0.2,2.5449166666666643
Model 2,14.0,0.2,1.9543333333333308
Model 2,14.5,0.2,1.5908055555555531
Model 2,15.0,0.2,0.8925000000000004
Model 2,8,0.4,1.7618611111111095
Model 2,8.5,0.4,1.212194444444444
Model 2,9.5,0.4,0.33697222222222195
Model 2,10.0,0.4,2.5710555555555548
Model 2,10.5,0.4,2.597194444444442
Model 2,11.0,0.4,3.1673333333333322
Model 2,11.5,0.4,2.7540277777777757
Model 2,12.0,0.4,2.3041111111111086
Model 2,12.5,0.4,1.6645277777777776
Model 2,13.0,0.4,0.6839166666666668
Model 2,13.5,0.4,0.23055555555555565
Model 2,14.5,0.4,0.0
Model 2,15.0,0.4,1.1423888888888882
Model 2,8,0.6000000000000001,3.4462500000000036
Model 2,8.5,0.6000000000000001,3.697750000000001
Model 2,9.0,0.6000000000000001,3.5118888888888886
Model 2,9.5,0.6000000000000001,3.0108333333333337
Model 2,10.0,0.6000000000000001,2.4236666666666644
Model 2,10.5,0.6000000000000001,1.545416666666668
Model 2,11.0,0.6000000000000001,0.8203333333333325
Model 2,11.5,0.6000000000000001,0.877555555555556
Model 2,12.5,0.6000000000000001,1.4832777777777784
Model 2,13.0,0.6000000000000001,2.2300555555555555
Model 2,13.5,0.6000000000000001,2.211972222222221
Model 2,14.0,0.6000000000000001,2.3435277777777777
Model 2,14.5,0.6000000000000001,1.8914166666666659
Model 2,15.0,0.6000000000000001,1.183166666666667
Model 2,8,0.8,2.3955833333333336
Model 2,8.5,0.8,1.5964999999999991
Model 2,9.0,0.8,1.3784166666666664
Model 2,10.0,0.8,1.5268888888888885
Model 2,10.5,0.8,2.9757499999999997
Model 2,11.0,0.8,2.768000000000002
Model 2,11.5,0.8,3.0997777777777786
Model 2,12.0,0.8,2.562194444444442
Model 2,12.5,0.8,1.989638888888888
Model 2,13.0,0.8,1.27541666666667
Model 2,13.5,0.8,0.44219444444444483
Model 2,14.0,0.8,0.13236111111111115
Model 2,15.0,0.8,0.3570277777777774
Model 2,8,1.0,3.5877222222222227
Model 2,8.5,1.0,3.3006111111111114
Model 2,9.0,1.0,3.8342222222222224
Model 2,9.5,1.0,3.2568888888888865
Model 2,10.0,1.0,2.8248611111111073
Model 2,10.5,1.0,2.139500000000001
Model 2,11.0,1.0,1.1714166666666668
Model 2,11.5,1.0,0.5210833333333329
Model 2,12.5,1.0,0.43902777777777735
Model 2,13.0,1.0,2.1733888888888857
Model 2,13.5,1.0,1.9516388888888911
Model 2,14.0,1.0,2.6094166666666676
Model 2,14.5,1.0,2.0644444444444425
Model 2,15.0,1.0,1.6959444444444431
Model 2,8,1.2,2.9009166666666615
Model 2,8.5,1.2,1.8502222222222233
Model 2,9.0,1.2,1.3475555555555567
Model 2,10.0,1.2,0.21658333333333313
Model 2,10.5,1.2,2.569999999999997
Model 2,11.0,1.2,2.7093888888888884
Model 2,11.5,1.2,3.197861111111111
Model 2,12.0,1.2,2.8720833333333355
Model 2,12.5,1.2,2.3767500000000004
Model 2,13.0,1.2,1.775499999999999
Model 2,13.5,1.2,0.7941944444444435
Model 2,14.0,1.2,0.2466944444444445
Model 2,14.5,1.2,0.58025
Model 2,8,1.4,3.0633888888888876
Model 2,8.5,1.4,3.551444444444445
Model 2,9.0,1.4,3.7102777777777765
Model 2,9.5,1.4,3.6280833333333273
Model 2,10.0,1.4,3.1471666666666636
Model 2,10.5,1.4,2.5001388888888845
Model 2,11.0,1.4,1.6783888888888865
Model 2,11.5,1.4,0.9133333333333334
Model 2,12.0,1.4,0.8645833333333337
Model 2,13.0,1.4,1.3832777777777772
Model 2,13.5,1.4,2.2953333333333346
Model 2,14.0,1.4,2.2773611111111096
Model 2,14.5,1.4,2.4809722222222197
Model 2,15.0,1.4,1.9657222222222213
Model 2,8,1.5999999999999999,3.2012777777777766
Model 2,8.5,1.5999999999999999,2.514333333333331
Model 2,9.0,1.5999999999999999,1.6811111111111114
Model 2,9.5,1.5999999999999999,1.3587499999999995
Model 2,10.5,1.5999999999999999,1.4033333333333318
Model 2,11.0,1.5999999999999999,3.008944444444444
Model 2,11.5,1.5999999999999999,2.785555555555553
Model 2,12.0,1.5999999999999999,3.1935833333333306
Model 2,12.5,1.5999999999999999,2.6511944444444433
Model 2,13.0,1.5999999999999999,2.1309999999999985
Model 2,13.5,1.5999999999999999,1.3936666666666653
Model 2,14.0,1.5999999999999999,0.5051388888888888
Model 2,14.5,1.5999999999999999,0.10625000000000005
Model 2,8,1.7999999999999998,1.2798611111111093
Model 2,8.5,1.7999999999999998,3.6542499999999998
Model 2,9.0,1.7999999999999998,3.3671944444444457
Model 2,9.5,1.7999999999999998,3.9104166666666655
Model 2,10.0,1.7999999999999998,3.333777777777777
Model 2,10.5,1.7999999999999998,2.92447222222222
Model 2,11.0,1.7999999999999998,2.257666666666666
Model 2,11.5,1.7999999999999998,1.2294999999999976
Model 2,12.0,1.7999999999999998,0.5664722222222219
Model 2,13.0,1.7999999999999998,0.33555555555555544
Model 2,13.5,1.7999999999999998,2.1626944444444454
Model 2,14.0,1.7999999999999998,2.052638888888886
Model 2,14.5,1.7999999999999998,2.6583333333333314
Model 2,15.0,1.7999999999999998,2.1783055555555535
Model 2,8,1.9999999999999998,3.696361111111106
Model 2,8.5,1.9999999999999998,3.017083333333329
Model 2,9.0,1.9999999999999998,1.9889999999999985
Model 2,9.5,1.9999999999999998,1.465027777777776
Model 2,10.5,1.9999999999999998,0.11094444444444433
Model 2,11.0,1.9999999999999998,2.5846944444444406
Model 2,11.5,1.9999999999999998,2.850972222222221
Model 2,12.0,1.9999999999999998,3.226944444444446
Model 2,12.5,1.9999999999999998,2.971222222222215
Model 2,13.0,1.9999999999999998,2.4581111111111094
Model 2,13.5,1.9999999999999998,1.8841111111111097
Model 2,14.0,1.9999999999999998,0.9044999999999995
Model 2,14.5,1.9999999999999998,0.23211111111111118
Model 2,15.0,1.9999999999999998,0.5023888888888887
Model 2,8.5,2.1999999999999997,3.0496111111111066
Model 2,9.0,2.1999999999999997,3.624777777777774
Model 2,9.5,2.1999999999999997,3.6669999999999994
Model 2,10.0,2.1999999999999997,3.7210833333333326
Model 2,10.5,2.1999999999999997,3.2518055555555527
Model 2,11.0,2.1999999999999997,2.5747777777777743
Model 2,11.5,2.1999999999999997,1.8166388888888894
Model 2,12.0,2.1999999999999997,0.9957222222222218
Model 2,12.5,2.1999999999999997,0.8552777777777771
Model 2,13.5,2.1999999999999997,1.289
Model 2,14.0,2.1999999999999997,2.4360000000000004
Model 2,14.5,2.1999999999999997,2.2987499999999983
Model 2,15.0,2.1999999999999997,2.5847500000000023
Model 2,8,2.4,3.939777777777778
Model 2,8.5,2.4,3.3160000000000007
Model 2,9.0,2.4,2.6283055555555523
Model 2,9.5,2.4,1.7798888888888884
Model 2,10.0,2.4,1.3365833333333332
Model 2,11.0,2.4,1.2771388888888875
Model 2,11.5,2.4,3.0719999999999987
Model 2,12.0,2.4,2.8016388888888875
Model 2,12.5,2.4,3.2909999999999955
Model 2,13.0,2.4,2.73486111111111
Model 2,13.5,2.4,2.2702222222222206
Model 2,14.0,2.4,1.523277777777777
Model 2,14.5,2.4,0.5230555555555556
Model 2,15.0,2.4,0.07766666666666668
Model 2,8.5,2.6,1.1293333333333322
Model 2,9.0,2.6,3.649166666666665
Model 2,9.5,2.6,3.3972777777777736
Model 2,10.0,2.6,4.002416666666667
Model 2,10.5,2.6,3.410277777777779
Model 2,11.0,2.6,3.046166666666665
Model 2,11.5,2.6,2.350749999999996
Model 2,12.0,2.6,1.2927222222222206
Model 2,12.5,2.6,0.6146666666666666
Model 2,13.5,2.6,0.23069444444444423
Model 2,14.0,2.6,2.1278611111111103
Model 2,14.5,2.6,2.151138888888887
Model 2,15.0,2.6,2.7228333333333326
Model 2,8,2.8000000000000003,4.211694444444445
Model 2,8.5,2.8000000000000003,3.764111111111109
Model 2,9.0,2.8000000000000003,3.1208055555555574
Model 2,9.5,2.8000000000000003,2.1325833333333306
Model 2,10.0,2.8000000000000003,1.5703611111111113
Model 2,11.0,2.8000000000000003,0.013305555555555557
Model 2,11.5,2.8000000000000003,2.603027777777781
Model 2,12.0,2.8000000000000003,2.999527777777778
Model 2,12.5,2.8000000000000003,3.254444444444445
Model 2,13.0,2.8000000000000003,3.066222222222218
Model 2,13.5,2.8000000000000003,2.5633055555555533
Model 2,14.0,2.8000000000000003,1.9775277777777762
Model 2,14.5,2.8000000000000003,1.0061111111111112
Model 2,15.0,2.8000000000000003,0.21616666666666673
Model 3,8,0,0.4174166666666661
Model 3,8.5,0,0.5721388888888881
Model 3,9.5,0,0.7389166666666661
Model 3,10.0,0,0.8175833333333323
Model 3,10.5,0,0.9219722222222215
Model 3,11.0,0,0.8263611111111119
Model 3,11.5,0,0.6727499999999994
Model 3,12.0,0,0.5221388888888899
Model 3,12.5,0,0.2736388888888888
Model 3,13.0,0,0.13977777777777775
Model 3,13.5,0,0.18236111111111106
Model 3,14.5,0,0.34788888888888875
Model 3,15.0,0,0.47800000000000004
Model 3,8,0.2,1.033222222222222
Model 3,8.5,0.2,1.0403888888888877
Model 3,9.0,0.2,0.932555555555555
Model 3,9.5,0.2,0.7046944444444443
Model 3,10.0,0.2,0.5052222222222222
Model 3,10.5,0.2,0.29702777777777783
Model 3,11.0,0.2,0.28588888888888886
Model 3,12.0,0.2,0.3698055555555555
Model 3,12.5,0.2,0.7014722222222225
Model 3,13.0,0.2,0.6423888888888888
Model 3,13.5,0.2,0.7055833333333336
Model 3,14.0,0.2,0.5540833333333336
Model 3,14.5,0.2,0.36966666666666687
Model 3,15.0,0.2,0.22113888888888872
Model 3,8,0.4,0.49416666666666603
Model 3,8.5,0.4,0.36686111111111125
Model 3,9.5,0.4,0.3541944444444445
Model 3,10.0,0.4,0.8805277777777771
Model 3,10.5,0.4,0.7870277777777772
Model 3,11.0,0.4,0.9317500000000002
Model 3,11.5,0.4,0.7665833333333344
Model 3,12.0,0.4,0.6304444444444447
Model 3,12.5,0.4,0.43155555555555536
Model 3,13.0,0.4,0.20808333333333345
Model 3,13.5,0.4,0.08597222222222226
Model 3,14.5,0.4,0.12700000000000003
Model 3,15.0,0.4,0.49927777777777743
Model 3,8,0.6000000000000001,0.9362499999999994
Model 3,8.5,0.6000000000000001,1.148916666666666
Model 3,9.0,0.6000000000000001,0.9641944444444446
Model 3,9.5,0.6000000000000001,0.8652777777777779
Model 3,10.0,0.6000000000000001,0.6516666666666668
Model 3,10.5,0.6000000000000001,0.34041666666666653
Model 3,11.0,0.6000000000000001,0.2282499999999999
Model 3,12.0,0.6000000000000001,0.06852777777777776
Model 3,12.5,0.6000000000000001,0.5896944444444447
Model 3,13.0,0.6000000000000001,0.5753888888888885
Model 3,13.5,0.6000000000000001,0.7617777777777773
Model 3,14.0,0.6000000000000001,0.6406666666666662
Model 3,14.5,0.6000000000000001,0.49805555555555586
Model 3,15.0,0.6000000000000001,0.31841666666666674
Model 3,8,0.8,0.5858055555555558
Model 3,8.5,0.8,0.4336666666666664
Model 3,9.0,0.8,0.5721111111111117
Model 3,10.0,0.8,0.761555555555556
Model 3,10.5,0.8,0.8579722222222208
Model 3,11.0,0.8,0.9376388888888887
Model 3,11.5,0.8,0.8673611111111112
Model 3,12.0,0.8,0.7240277777777776
Model 3,12.5,0.8,0.543222222222222
Model 3,13.0,0.8,0.2934722222222224
Model 3,13.5,0.8,0.15091666666666675
Model 3,14.0,0.8,0.17205555555555554
Model 3,15.0,0.8,0.31919444444444456
Model 3,8,1.0,1.0296388888888877
Model 3,8.5,1.0,1.0633055555555557
Model 3,9.0,1.0,1.0956666666666657
Model 3,9.5,1.0,0.9506944444444441
Model 3,10.0,1.0,0.7387222222222215
Model 3,10.5,1.0,0.5345833333333334
Model 3,11.0,1.0,0.29916666666666675
Model 3,11.5,1.0,0.2644166666666666
Model 3,12.5,1.0,0.33458333333333334
Model 3,13.0,1.0,0.695444444444445
Model 3,13.5,1.0,0.640916666666667
Model 3,14.0,1.0,0.7315000000000005
Model 3,14.5,1.0,0.5812222222222224
Model 3,15.0,1.0,0.401027777777778
Model 3,8,1.2,0.7637222222222211
Model 3,8.5,1.2,0.5228333333333333
Model 3,9.0,1.2,0.3633333333333335
Model 3,10.0,1.2,0.33327777777777773
Model 3,10.5,1.2,0.9180833333333336
Model 3,11.0,1.2,0.820111111111111
Model 3,11.5,1.2,0.9513055555555551
Model 3,12.0,1.2,0.7831111111111113
Model 3,12.5,1.2,0.6465555555555553
Model 3,13.0,1.2,0.44936111111111154
Model 3,13.5,1.2,0.20355555555555566
Model 3,14.0,1.2,0.08580555555555558
Model 3,15.0,1.2,0.09444444444444453
Model 3,8,1.4,1.0479999999999996
Model 3,8.5,1.4,0.9660833333333338
Model 3,9.0,1.4,1.16086111111111
Model 3,9.5,1.4,0.9909166666666664
Model 3,10.0,1.4,0.9046388888888875
Model 3,10.5,1.4,0.6831666666666674
Model 3,11.0,1.4,0.3634999999999998
Model 3,11.5,1.4,0.23969444444444415
Model 3,12.5,1.4,0.038500000000000006
Model 3,13.0,1.4,0.5816666666666668
Model 3,13.5,1.4,0.6118333333333335
Model 3,14.0,1.4,0.7664722222222212
Model 3,14.5,1.4,0.6631944444444443
Model 3,15.0,1.4,0.49777777777777754
Model 3,8,1.5999999999999999,0.9272499999999998
Model 3,8.5,1.5999999999999999,0.617944444444444
Model 3,9.0,1.5999999999999999,0.43258333333333326
Model 3,9.5,1.5999999999999999,0.529972222222222
Model 3,10.5,1.5999999999999999,0.7812777777777776
Model 3,11.0,1.5999999999999999,0.8753888888888885
Model 3,11.5,1.5999999999999999,0.9047499999999989
Model 3,12.0,1.5999999999999999,0.8925277777777769
Model 3,12.5,1.5999999999999999,0.7531111111111123
Model 3,13.0,1.5999999999999999,0.5453611111111107
Model 3,13.5,1.5999999999999999,0.3133888888888888
Model 3,14.0,1.5999999999999999,0.15522222222222226
Model 3,14.5,1.5999999999999999,0.17275000000000007
Model 3,8,1.7999999999999998,0.757305555555555
Model 3,8.5,1.7999999999999998,1.089944444444445
Model 3,9.0,1.7999999999999998,1.070083333333333
Model 3,9.5,1.7999999999999998,1.133222222222223
Model 3,10.0,1.7999999999999998,0.9696111111111105
Model 3,10.5,1.7999999999999998,0.7615555555555554
Model 3,11.0,1.7999999999999998,0.5503055555555554
Model 3,11.5,1.7999999999999998,0.2957777777777778
Model 3,12.0,1.7999999999999998,0.22947222222222233
Model 3,13.0,1.7999999999999998,0.2918055555555557
Model 3,13.5,1.7999999999999998,0.7000277777777772
Model 3,14.0,1.7999999999999998,0.615194444444444
Model 3,14.5,1.7999999999999998,0.7497499999999995
Model 3,15.0,1.7999999999999998,0.5867222222222228
Model 3,8,1.9999999999999998,1.0366388888888878
Model 3,8.5,1.9999999999999998,0.7906388888888882
Model 3,9.0,1.9999999999999998,0.5354999999999998
Model 3,9.5,1.9999999999999998,0.3438888888888887
Model 3,10.5,1.9999999999999998,0.2970555555555558
Model 3,11.0,1.9999999999999998,0.9124722222222215
Model 3,11.5,1.9999999999999998,0.8089999999999993
Model 3,12.0,1.9999999999999998,0.9885833333333325
Model 3,12.5,1.9999999999999998,0.7880555555555545
Model 3,13.0,1.9999999999999998,0.6743888888888879
Model 3,13.5,1.9999999999999998,0.44894444444444453
Model 3,14.0,1.9999999999999998,0.19294444444444456
Model 3,14.5,1.9999999999999998,0.08977777777777782
Model 3,8,2.1999999999999997,0.18997222222222215
Model 3,8.5,2.1999999999999997,1.019972222222223
Model 3,9.0,2.1999999999999997,0.9808888888888888
Model 3,9.5,2.1999999999999997,1.1917222222222217
Model 3,10.0,2.1999999999999997,1.0358055555555545
Model 3,10.5,2.1999999999999997,0.9133055555555563
Model 3,11.0,2.1999999999999997,0.6973333333333336
Model 3,11.5,2.1999999999999997,0.37836111111111115
Model 3,12.0,2.1999999999999997,0.24702777777777782
Model 3,13.0,2.1999999999999997,0.0
Model 3,13.5,2.1999999999999997,0.5686666666666672
Model 3,14.0,2.1999999999999997,0.6510277777777773
Model 3,14.5,2.1999999999999997,0.7654166666666667
Model 3,15.0,2.1999999999999997,0.664388888888889
Model 3,8,2.4,1.1103333333333327
Model 3,8.5,2.4,0.9535555555555546
Model 3,9.0,2.4,0.6358055555555561
Model 3,9.5,2.4,0.428222222222222
Model 3,10.0,2.4,0.474722222222222
Model 3,11.0,2.4,0.717388888888888
Model 3,11.5,2.4,0.8734444444444448
Model 3,12.0,2.4,0.8789166666666661
Model 3,12.5,2.4,0.8824444444444453
Model 3,13.0,2.4,0.7698611111111109
Model 3,13.5,2.4,0.5178333333333334
Model 3,14.0,2.4,0.32299999999999984
Model 3,14.5,2.4,0.1536944444444445
Model 3,15.0,2.4,0.15263888888888888
Model 3,8.5,2.6,0.6774999999999998
Model 3,9.0,2.6,1.123361111111112
Model 3,9.5,2.6,1.0707777777777783
Model 3,10.0,2.6,1.1391944444444444
Model 3,10.5,2.6,0.9840000000000001
Model 3,11.0,2.6,0.7698888888888891
Model 3,11.5,2.6,0.5459166666666665
Model 3,12.0,2.6,0.3029999999999998
Model 3,12.5,2.6,0.1961944444444445
Model 3,13.5,2.6,0.2472222222222223
Model 3,14.0,2.6,0.706805555555556
Model 3,14.5,2.6,0.6082222222222224
Model 3,15.0,2.6,0.7657500000000005
Model 3,8,2.8000000000000003,1.2071944444444442
Model 3,8.5,2.8000000000000003,1.064111111111111
Model 3,9.0,2.8000000000000003,0.8272500000000005
Model 3,9.5,2.8000000000000003,0.5299444444444447
Model 3,10.0,2.8000000000000003,0.3172499999999999
Model 3,11.0,2.8000000000000003,0.25780555555555545
Model 3,11.5,2.8000000000000003,0.8837777777777778
Model 3,12.0,2.8000000000000003,0.7619999999999992
Model 3,12.5,2.8000000000000003,0.9922222222222213
Model 3,13.0,2.8000000000000003,0.7865277777777775
Model 3,13.5,2.8000000000000003,0.6799999999999997
Model 3,14.0,2.8000000000000003,0.43980555555555534
Model 3,14.5,2.8000000000000003,0.17319444444444457
Model 3,15.0,2.8000000000000003,0.09547222222222221
Model 4,8,0,0.3509722222222227
Model 4,9.0,0,0.25380555555555556
Model 4,9.5,0,0.871916666666666
Model 4,10.0,0,0.7607777777777776
Model 4,10.5,0,0.9710277777777778
Model 4,11.0,0,0.7896111111111097
Model 4,11.5,0,0.6886111111111108
Model 4,12.0,0,0.47494444444444467
Model 4,12.5,0,0.20752777777777773
Model 4,13.0,0,0.12486111111111113
Model 4,14.0,0,0.04577777777777779
Model 4,14.5,0,0.4318888888888888
Model 4,15.0,0,0.41102777777777727
Model 4,8,0.2,1.167666666666666
Model 4,8.5,0.2,1.0462222222222222
Model 4,9.0,0.2,0.899249999999999
Model 4,9.5,0.2,0.7121388888888893
Model 4,10.0,0.2,0.4193611111111112
Model 4,10.5,0.2,0.2698055555555552
Model 4,11.0,0.2,0.404611111111111
Model 4,12.0,0.2,0.5927777777777775
Model 4,12.5,0.2,0.6804166666666673
Model 4,13.0,0.2,0.7547499999999997
Model 4,13.5,0.2,0.6946666666666663
Model 4,14.0,0.2,0.5468888888888886
Model 4,14.5,0.2,0.3660555555555557
Model 4,15.0,0.2,0.17086111111111116
Model 4,8,0.4,0.46355555555555583
Model 4,8.5,0.4,0.47894444444444456
Model 4,9.5,0.4,0.6506666666666661
Model 4,10.0,0.4,0.8609444444444442
Model 4,10.5,0.4,0.8854444444444437
Model 4,11.0,0.4,0.9231666666666667
Model 4,11.5,0.4,0.7721388888888895
Model 4,12.0,0.4,0.5608055555555558
Model 4,12.5,0.4,0.3732500000000002
Model 4,13.0,0.4,0.17463888888888893
Model 4,13.5,0.4,0.14619444444444457
Model 4,14.5,0.4,0.2202500000000001
Model 4,15.0,0.4,0.5318055555555552
Model 4,8,0.6000000000000001,1.0403333333333338
Model 4,8.5,0.6000000000000001,1.1439166666666665
Model 4,9.0,0.6000000000000001,0.9898055555555557
Model 4,9.5,0.6000000000000001,0.8137222222222229
Model 4,10.0,0.6000000000000001,0.591194444444445
Model 4,10.5,0.6000000000000001,0.3586666666666669
Model 4,11.0,0.6000000000000001,0.2166944444444444
Model 4,12.0,0.6000000000000001,0.2388055555555555
Model 4,12.5,0.6000000000000001,0.7357777777777774
Model 4,13.0,0.6000000000000001,0.6425833333333333
Model 4,13.5,0.6000000000000001,0.7794166666666662
Model 4,14.0,0.6000000000000001,0.6046388888888887
Model 4,14.5,0.6000000000000001,0.47061111111111104
Model 4,15.0,0.6000000000000001,0.28708333333333325
Model 4,8,0.8,0.5559166666666664
Model 4,8.5,0.8,0.3696388888888889
Model 4,9.5,0.8,0.19749999999999993
Model 4,10.0,0.8,0.8738611111111109
Model 4,10.5,0.8,0.791027777777778
Model 4,11.0,0.8,0.987999999999999
Model 4,11.5,0.8,0.818166666666666
Model 4,12.0,0.8,0.7239444444444444
Model 4,12.5,0.8,0.5002222222222227
Model 4,13.0,0.8,0.23133333333333347
Model 4,13.5,0.8,0.1365833333333334
Model 4,14.5,0.8,0.023861111111111125
Model 4,15.0,0.8,0.4273333333333333
Model 4,8,1.0,1.0332777777777777
Model 4,8.5,1.0,1.1776666666666662
Model 4,9.0,1.0,1.0741944444444431
Model 4,9.5,1.0,0.9119999999999999
Model 4,10.0,1.0,0.7529166666666666
Model 4,10.5,1.0,0.4548055555555554
Model 4,11.0,1.0,0.273361111111111
Model 4,11.5,1.0,0.3685833333333331
Model 4,12.5,1.0,0.6016111111111114
Model 4,13.0,1.0,0.703
Model 4,13.5,1.0,0.7188888888888889
Model 4,14.0,1.0,0.7148888888888887
Model 4,14.5,1.0,0.5780555555555563
Model 4,15.0,1.0,0.3708611111111107
Model 4,8,1.2,0.7175277777777781
Model 4,8.5,1.2,0.48236111111111146
Model 4,9.0,1.2,0.49319444444444427
Model 4,10.0,1.2,0.6021388888888891
Model 4,10.5,1.2,0.9253888888888894
Model 4,11.0,1.2,0.8959166666666661
Model 4,11.5,1.2,0.9561388888888883
Model 4,12.0,1.2,0.7936388888888884
Model 4,12.5,1.2,0.5797777777777774
Model 4,13.0,1.2,0.3885277777777779
Model 4,13.5,1.2,0.1788333333333335
Model 4,14.0,1.2,0.12700000000000003
Model 4,15.0,1.2,0.19497222222222224
Model 4,8,1.4,1.1137777777777775
Model 4,8.5,1.4,1.0384722222222238
Model 4,9.0,1.4,1.1786944444444443
Model 4,9.5,1.4,1.008333333333333
Model 4,10.0,1.4,0.863944444444444
Model 4,10.5,1.4,0.6222777777777786
Model 4,11.0,1.4,0.37566666666666626
Model 4,11.5,1.4,0.20733333333333345
Model 4,12.5,1.4,0.21375
Model 4,13.0,1.4,0.7384722222222228
Model 4,13.5,1.4,0.6231111111111108
Model 4,14.0,1.4,0.813222222222223
Model 4,14.5,1.4,0.6098611111111115
Model 4,15.0,1.4,0.5014166666666662
Model 4,8,1.5999999999999999,0.8852777777777786
Model 4,8.5,1.5999999999999999,0.552555555555555
Model 4,9.0,1.5999999999999999,0.3850277777777778
Model 4,10.0,1.5999999999999999,0.1468055555555555
Model 4,10.5,1.5999999999999999,0.8420277777777776
Model 4,11.0,1.5999999999999999,0.8096111111111107
Model 4,11.5,1.5999999999999999,1.0199166666666675
Model 4,12.0,1.5999999999999999,0.8646388888888887
Model 4,12.5,1.5999999999999999,0.7315277777777771
Model 4,13.0,1.5999999999999999,0.5194166666666671
Model 4,13.5,1.5999999999999999,0.24844444444444444
Model 4,14.0,1.5999999999999999,0.1426666666666667
Model 4,14.5,1.5999999999999999,0.2664444444444444
Model 4,8,1.7999999999999998,0.996583333333333
Model 4,8.5,1.7999999999999998,1.091166666666667
Model 4,9.0,1.7999999999999998,1.2013611111111129
Model 4,9.5,1.7999999999999998,1.1047777777777785
Model 4,10.0,1.7999999999999998,0.9464166666666681
Model 4,10.5,1.7999999999999998,0.7784166666666661
Model 4,11.0,1.7999999999999998,0.4709166666666661
Model 4,11.5,1.7999999999999998,0.27661111111111114
Model 4,12.0,1.7999999999999998,0.3223333333333333
Model 4,13.0,1.7999999999999998,0.5369722222222222
Model 4,13.5,1.7999999999999998,0.695861111111111
Model 4,14.0,1.7999999999999998,0.7046666666666672
Model 4,14.5,1.7999999999999998,0.7132222222222223
Model 4,15.0,1.7999999999999998,0.5978055555555554
Model 4,8,1.9999999999999998,0.9704444444444443
Model 4,8.5,1.9999999999999998,0.7460555555555546
Model 4,9.0,1.9999999999999998,0.5033333333333323
Model 4,9.5,1.9999999999999998,0.4681111111111112
Model 4,10.5,1.9999999999999998,0.5464444444444446
Model 4,11.0,1.9999999999999998,0.9539444444444444
Model 4,11.5,1.9999999999999998,0.8919722222222218
Model 4,12.0,1.9999999999999998,0.9602777777777772
Model 4,12.5,1.9999999999999998,0.8054444444444436
Model 4,13.0,1.9999999999999998,0.5995277777777783
Model 4,13.5,1.9999999999999998,0.3889999999999999
Model 4,14.0,1.9999999999999998,0.19200000000000014
Model 4,14.5,1.9999999999999998,0.10641666666666669
Model 4,8,2.1999999999999997,0.48116666666666674
Model 4,8.5,2.1999999999999997,1.1513888888888892
Model 4,9.0,2.1999999999999997,1.0558611111111114
Model 4,9.5,2.1999999999999997,1.2047500000000002
Model 4,10.0,2.1999999999999997,1.0331666666666655
Model 4,10.5,2.1999999999999997,0.8899722222222226
Model 4,11.0,2.1999999999999997,0.6592500000000004
Model 4,11.5,2.1999999999999997,0.3661666666666668
Model 4,12.0,2.1999999999999997,0.1879166666666666
Model 4,13.0,2.1999999999999997,0.1964999999999999
Model 4,13.5,2.1999999999999997,0.7089444444444445
Model 4,14.0,2.1999999999999997,0.591305555555556
Model 4,14.5,2.1999999999999997,0.8159166666666674
Model 4,15.0,2.1999999999999997,0.6198888888888892
Model 4,8,2.4,1.1369444444444445
Model 4,8.5,2.4,0.9073333333333325
Model 4,9.0,2.4,0.5408055555555552
Model 4,9.5,2.4,0.4022777777777778
Model 4,10.5,2.4,0.09686111111111116
Model 4,11.0,2.4,0.8244444444444443
Model 4,11.5,2.4,0.8087222222222228
Model 4,12.0,2.4,1.0206666666666675
Model 4,12.5,2.4,0.8876388888888906
Model 4,13.0,2.4,0.7297777777777785
Model 4,13.5,2.4,0.5221111111111104
Model 4,14.0,2.4,0.24913888888888894
Model 4,14.5,2.4,0.12952777777777774
Model 4,15.0,2.4,0.2536111111111113
Model 4,8.5,2.6,1.0148333333333333
Model 4,9.0,2.6,1.1140833333333333
Model 4,9.5,2.6,1.2017222222222215
Model 4,10.0,2.6,1.140388888888888
Model 4,10.5,2.6,0.9830833333333328
Model 4,11.0,2.6,0.780666666666667
Model 4,11.5,2.6,0.4778888888888891
Model 4,12.0,2.6,0.27455555555555566
Model 4,12.5,2.6,0.29733333333333356
Model 4,13.5,2.6,0.47936111111111124
Model 4,14.0,2.6,0.684666666666667
Model 4,14.5,2.6,0.709416666666667
Model 4,15.0,2.6,0.7514166666666657
Model 4,8,2.8000000000000003,1.2211111111111101
Model 4,8.5,2.8000000000000003,0.9970277777777786
Model 4,9.0,2.8000000000000003,0.7604999999999994
Model 4,9.5,2.8000000000000003,0.4840277777777779
Model 4,10.0,2.8000000000000003,0.42383333333333334
Model 4,11.0,2.8000000000000003,0.47702777777777816
Model 4,11.5,2.8000000000000003,0.9302499999999995
Model 4,12.0,2.8000000000000003,0.8738333333333334
Model 4,12.5,2.8000000000000003,0.9826944444444443
Model 4,13.0,2.8000000000000003,0.8104166666666667
Model 4,13.5,2.8000000000000003,0.6159722222222223
Model 4,14.0,2.8000000000000003,0.3939444444444447
Model 4,14.5,2.8000000000000003,0.18938888888888888
Model 4,15.0,2.8000000000000003,0.08638888888888889
