Model 1,8.5,0,0.13852777777777772
Model 1,9.0,0,0.8294722222222223
Model 1,9.5,0,0.8061944444444433
Model 1,10.0,0,1.0033611111111111
Model 1,10.5,0,0.8561666666666667
Model 1,11.0,0,0.7238055555555556
Model 1,11.5,0,0.5305277777777777
Model 1,12.0,0,0.2672500000000001
Model 1,12.5,0,0.15961111111111115
Model 1,13.0,0,0.2824166666666668
Model 1,14.0,0,0.42424999999999957
Model 1,14.5,0,0.520888888888889
Model 1,15.0,0,0.6053888888888891
Model 1,8,0.2,1.0897777777777768
Model 1,8.5,0.2,0.9353055555555564
Model 1,9.0,0.2,0.7733055555555548
Model 1,9.5,0.2,0.491611111111111
Model 1,10.0,0.2,0.30574999999999997
Model 1,10.5,0.2,0.3409722222222222
Model 1,11.5,0.2,0.5441944444444451
Model 1,12.0,0.2,0.6948611111111115
Model 1,12.5,0.2,0.7135277777777776
Model 1,13.0,0.2,0.7228055555555546
Model 1,13.5,0.2,0.6113611111111115
Model 1,14.0,0.2,0.3796944444444446
Model 1,14.5,0.2,0.23002777777777772
Model 1,15.0,0.2,0.09474999999999995
Model 1,8,0.4,0.48780555555555527
Model 1,9.0,0.4,0.5424166666666668
Model 1,9.5,0.4,0.9464166666666662
Model 1,10.0,0.4,0.8838611111111107
Model 1,10.5,0.4,0.9528888888888877
Model 1,11.0,0.4,0.8005555555555554
Model 1,11.5,0.4,0.6188888888888896
Model 1,12.0,0.4,0.4161388888888887
Model 1,12.5,0.4,0.21683333333333343
Model 1,13.0,0.4,0.1291666666666667
Model 1,14.0,0.4,0.17405555555555566
Model 1,14.5,0.4,0.5804722222222221
Model 1,15.0,0.4,0.47316666666666646
Model 1,8,0.6000000000000001,1.1874166666666655
Model 1,8.5,0.6000000000000001,1.0195555555555547
Model 1,9.0,0.6000000000000001,0.881583333333333
Model 1,9.5,0.6000000000000001,0.6811666666666665
Model 1,10.0,0.6000000000000001,0.39863888888888904
Model 1,10.5,0.6000000000000001,0.22449999999999987
Model 1,11.5,0.6000000000000001,0.1985833333333332
Model 1,12.0,0.6000000000000001,0.7184444444444444
Model 1,12.5,0.6000000000000001,0.6162499999999999
Model 1,13.0,0.6000000000000001,0.8211388888888883
Model 1,13.5,0.6000000000000001,0.646388888888889
Model 1,14.0,0.6000000000000001,0.5432777777777783
Model 1,14.5,0.6000000000000001,0.33386111111111116
Model 1,15.0,0.6000000000000001,0.12197222222222219
Model 1,8,0.8,0.4453611111111108
Model 1,9.0,0.8,0.09205555555555553
Model 1,9.5,0.8,0.8347499999999995
Model 1,10.0,0.8,0.8241666666666662
Model 1,10.5,0.8,1.0161666666666662
Model 1,11.0,0.8,0.8918333333333338
Model 1,11.5,0.8,0.7463888888888903
Model 1,12.0,0.8,0.5606944444444443
Model 1,12.5,0.8,0.2878333333333337
Model 1,13.0,0.8,0.161888888888889
Model 1,13.5,0.8,0.28574999999999995
Model 1,14.5,0.8,0.4511111111111111
Model 1,15.0,0.8,0.5389444444444442
Model 1,8,1.0,1.1829999999999998
Model 1,8.5,1.0,1.1275555555555554
Model 1,9.0,1.0,0.9809444444444442
Model 1,9.5,1.0,0.7952222222222228
Model 1,10.0,1.0,0.5248888888888884
Model 1,10.5,1.0,0.32094444444444453
Model 1,11.0,1.0,0.33905555555555517
Model 1,12.0,1.0,0.5116111111111107
Model 1,12.5,1.0,0.7099722222222227
Model 1,13.0,1.0,0.7332500000000011
Model 1,13.5,1.0,0.7770555555555552
Model 1,14.0,1.0,0.6212222222222222
Model 1,14.5,1.0,0.40586111111111134
Model 1,15.0,1.0,0.24880555555555547
Model 1,8,1.2,0.5294999999999997
Model 1,8.5,1.2,0.4658888888888893
Model 1,9.5,1.2,0.4859444444444446
Model 1,10.0,1.2,0.9402499999999998
Model 1,10.5,1.2,0.8842499999999995
Model 1,11.0,1.2,0.9930277777777774
Model 1,11.5,1.2,0.8352222222222213
Model 1,12.0,1.2,0.6610555555555552
Model 1,12.5,1.2,0.44036111111111137
Model 1,13.0,1.2,0.2324166666666667
Model 1,13.5,1.2,0.11833333333333332
Model 1,14.5,1.2,0.16744444444444453
Model 1,15.0,1.2,0.588
Model 1,8,1.4,1.0746111111111114
Model 1,8.5,1.4,1.2128888888888896
Model 1,9.0,1.4,1.0355555555555553
Model 1,9.5,1.4,0.9075277777777776
Model 1,10.0,1.4,0.7051666666666672
Model 1,10.5,1.4,0.399305555555556
Model 1,11.0,1.4,0.23238888888888898
Model 1,12.0,1.4,0.1522222222222222
Model 1,12.5,1.4,0.7101111111111106
Model 1,13.0,1.4,0.6283611111111119
Model 1,13.5,1.4,0.8368611111111119
Model 1,14.0,1.4,0.6680555555555565
Model 1,14.5,1.4,0.5629444444444445
Model 1,15.0,1.4,0.3380000000000002
Model 1,8,1.5999999999999999,0.6054166666666658
Model 1,8.5,1.5999999999999999,0.4643611111111111
Model 1,9.5,1.5999999999999999,0.0413611111111111
Model 1,10.0,1.5999999999999999,0.8304166666666661
Model 1,10.5,1.5999999999999999,0.8819999999999998
Model 1,11.0,1.5999999999999999,1.0249444444444447
Model 1,11.5,1.5999999999999999,0.9208611111111114
Model 1,12.0,1.5999999999999999,0.7523333333333329
Model 1,12.5,1.5999999999999999,0.5885833333333333
Model 1,13.0,1.5999999999999999,0.3071666666666671
Model 1,13.5,1.5999999999999999,0.1583611111111112
Model 1,14.0,1.5999999999999999,0.24605555555555544
Model 1,15.0,1.5999999999999999,0.4443611111111108
Model 1,8,1.7999999999999998,1.1330555555555548
Model 1,8.5,1.7999999999999998,1.1514166666666665
Model 1,9.0,1.7999999999999998,1.1474722222222213
Model 1,9.5,1.7999999999999998,1.0159722222222214
Model 1,10.0,1.7999999999999998,0.8073055555555563
Model 1,10.5,1.7999999999999998,0.5563055555555557
Model 1,11.0,1.7999999999999998,0.32961111111111097
Model 1,11.5,1.7999999999999998,0.3395555555555558
Model 1,12.5,1.7999999999999998,0.4558055555555556
Model 1,13.0,1.7999999999999998,0.7704444444444453
Model 1,13.5,1.7999999999999998,0.727111111111111
Model 1,14.0,1.7999999999999998,0.795333333333333
Model 1,14.5,1.7999999999999998,0.6271388888888885
Model 1,15.0,1.7999999999999998,0.40016666666666656
Model 1,8,1.9999999999999998,0.8058888888888879
Model 1,8.5,1.9999999999999998,0.5335833333333335
Model 1,9.0,1.9999999999999998,0.43049999999999966
Model 1,10.0,1.9999999999999998,0.4341666666666666
Model 1,10.5,1.9999999999999998,0.9525833333333324
Model 1,11.0,1.9999999999999998,0.8750277777777774
Model 1,11.5,1.9999999999999998,1.0242222222222224
Model 1,12.0,1.9999999999999998,0.8477500000000006
Model 1,12.5,1.9999999999999998,0.6907499999999994
Model 1,13.0,1.9999999999999998,0.4556111111111111
Model 1,13.5,1.9999999999999998,0.24113888888888882
Model 1,14.0,1.9999999999999998,0.1031388888888889
Model 1,15.0,1.9999999999999998,0.1504166666666667
Model 1,8,2.1999999999999997,1.169777777777778
Model 1,8.5,2.1999999999999997,1.0564722222222216
Model 1,9.0,2.1999999999999997,1.2504722222222224
Model 1,9.5,2.1999999999999997,1.0519166666666675
Model 1,10.0,2.1999999999999997,0.9489166666666676
Model 1,10.5,2.1999999999999997,0.7148611111111103
Model 1,11.0,2.1999999999999997,0.3838611111111109
Model 1,11.5,2.1999999999999997,0.2341111111111111
Model 1,12.5,2.1999999999999997,0.1081944444444444
Model 1,13.0,2.1999999999999997,0.6665277777777773
Model 1,13.5,2.1999999999999997,0.635472222222222
Model 1,14.0,2.1999999999999997,0.8521944444444444
Model 1,14.5,2.1999999999999997,0.6958055555555549
Model 1,15.0,2.1999999999999997,0.5490833333333338
Model 1,8,2.4,0.967166666666667
Model 1,8.5,2.4,0.6263055555555556
Model 1,9.0,2.4,0.47727777777777797
Model 1,9.5,2.4,0.6357500000000001
Model 1,10.5,2.4,0.8195833333333333
Model 1,11.0,2.4,0.9303611111111098
Model 1,11.5,2.4,1.039972222222223
Model 1,12.0,2.4,0.9417499999999993
Model 1,12.5,2.4,0.7701666666666664
Model 1,13.0,2.4,0.5917500000000002
Model 1,13.5,2.4,0.30905555555555525
Model 1,14.0,2.4,0.15811111111111112
Model 1,14.5,2.4,0.19916666666666658
Model 1,8,2.6,0.9451666666666666
Model 1,8.5,2.6,1.126444444444444
Model 1,9.0,2.6,1.148500000000001
Model 1,9.5,2.6,1.1652500000000001
Model 1,10.0,2.6,1.0505833333333332
Model 1,10.5,2.6,0.7912499999999991
Model 1,11.0,2.6,0.5676111111111113
Model 1,11.5,2.6,0.33113888888888876
Model 1,12.0,2.6,0.30419444444444416
Model 1,13.0,2.6,0.4053611111111109
Model 1,13.5,2.6,0.7788055555555555
Model 1,14.0,2.6,0.7052500000000008
Model 1,14.5,2.6,0.7853611111111116
Model 1,15.0,2.6,0.619583333333334
Model 1,8,2.8000000000000003,1.0580000000000003
Model 1,8.5,2.8000000000000003,0.8080277777777776
Model 1,9.0,2.8000000000000003,0.5465833333333332
Model 1,9.5,2.8000000000000003,0.3916111111111112
Model 1,10.5,2.8000000000000003,0.37491666666666656
Model 1,11.0,2.8000000000000003,0.9847222222222226
Model 1,11.5,2.8000000000000003,0.8761666666666663
Model 1,12.0,2.8000000000000003,1.0316944444444445
Model 1,12.5,2.8000000000000003,0.8501111111111116
Model 1,13.0,2.8000000000000003,0.6957500000000001
Model 1,13.5,2.8000000000000003,0.4738888888888891
Model 1,14.0,2.8000000000000003,0.2213055555555556
Model 1,14.5,2.8000000000000003,0.08650000000000002
Model 2,8,0,1.3077222222222227
Model 2,9.0,0,1.3257222222222214
Model 2,9.5,0,2.973777777777777
Model 2,10.0,0,2.7383333333333324
Model 2,10.5,0,3.1805833333333315
Model 2,11.0,0,2.6363055555555537
Model 2,11.5,0,2.129694444444445
Model 2,12.0,0,1.4031944444444437
Model 2,12.5,0,0.5501388888888887
Model 2,13.0,0,0.13594444444444448
Model 2,14.0,0,0.3328055555555553
Model 2,14.5,0,1.69772222222222
Model 2,15.0,0,1.431249999999999
Model 2,8,0.2,3.8909444444444454
Model 2,8.5,0.2,3.307111111111111
Model 2,9.0,0.2,2.9122222222222205
Model 2,9.5,0.2,2.2352222222222204
Model 2,10.0,0.2,1.2146388888888875
Model 2,10.5,0.2,0.6390833333333339
Model 2,11.5,0.2,0.29558333333333314
Model 2,12.0,0.2,2.104444444444443
Model 2,12.5,0.2,2.031111111111109
Model 2,13.0,0.2,2.631666666666664
Model 2,13.5,0.2,2.1689722222222203
Model 2,14.0,0.2,1.7668333333333324
Model 2,14.5,0.2,1.0941388888888883
Model 2,15.0,0.2,0.22413888888888892
Model 2,8,0.4,1.4539444444444447
Model 2,9.0,0.4,0.07838888888888881
Model 2,9.5,0.4,2.542777777777782
Model 2,10.0,0.4,2.859305555555556
Model 2,10.5,0.4,3.185694444444445
Model 2,11.0,0.4,2.9553333333333307
Model 2,11.5,0.4,2.440944444444445
Model 2,12.0,0.4,1.8670833333333317
Model 2,12.5,0.4,0.9574444444444443
Model 2,13.0,0.4,0.32375000000000026
Model 2,13.5,0.4,0.5107222222222222
Model 2,14.5,0.4,1.0772499999999994
Model 2,15.0,0.4,1.6959444444444423
Model 2,8,0.6000000000000001,3.611111111111114
Model 2,8.5,0.6000000000000001,3.697833333333335
Model 2,9.0,0.6000000000000001,3.2340833333333325
Model 2,9.5,0.6000000000000001,2.5485833333333305
Model 2,10.0,0.6000000000000001,1.81347222222222
Model 2,10.5,0.6000000000000001,1.0193055555555564
Model 2,11.0,0.6000000000000001,0.8883333333333332
Model 2,12.0,0.6000000000000001,1.2205277777777785
Model 2,12.5,0.6000000000000001,2.430027777777776
Model 2,13.0,0.6000000000000001,2.257916666666668
Model 2,13.5,0.6000000000000001,2.5582499999999984
Model 2,14.0,0.6000000000000001,2.016555555555555
Model 2,14.5,0.6000000000000001,1.40125
Model 2,15.0,0.6000000000000001,0.734555555555556
Model 2,8,0.8,1.7689444444444429
Model 2,8.5,0.8,1.3037222222222213
Model 2,9.5,0.8,1.2146944444444425
Model 2,10.0,0.8,3.043527777777775
Model 2,10.5,0.8,2.769444444444443
Model 2,11.0,0.8,3.281305555555553
Model 2,11.5,0.8,2.7071944444444442
Model 2,12.0,0.8,2.260444444444442
Model 2,12.5,0.8,1.5395277777777765
Model 2,13.0,0.8,0.618277777777778
Model 2,13.5,0.8,0.14113888888888887
Model 2,14.5,0.8,0.29902777777777745
Model 2,15.0,0.8,1.700694444444446
Model 2,8,1.0,3.3452500000000023
Model 2,8.5,1.0,3.980472222222219
Model 2,9.0,1.0,3.3956388888888855
Model 2,9.5,1.0,3.0352777777777784
Model 2,10.0,1.0,2.3346388888888883
Model 2,10.5,1.0,1.2939722222222239
Model 2,11.0,1.0,0.7449166666666677
Model 2,12.0,1.0,0.20333333333333317
Model 2,12.5,1.0,2.074138888888889
Model 2,13.0,1.0,2.138388888888889
Model 2,13.5,1.0,2.691166666666664
Model 2,14.0,1.0,2.300777777777777
Model 2,14.5,1.0,1.8331944444444466
Model 2,15.0,1.0,1.2087222222222218
Model 2,8,1.2,2.1302499999999984
Model 2,8.5,1.2,1.5574999999999977
Model 2,9.0,1.2,1.9257777777777776
Model 2,10.0,1.2,2.5572777777777755
Model 2,10.5,1.2,2.997638888888883
Model 2,11.0,1.2,3.2169444444444397
Model 2,11.5,1.2,3.0607777777777763
Model 2,12.0,1.2,2.56397222222222
Model 2,12.5,1.2,1.9552222222222213
Model 2,13.0,1.2,1.0825555555555548
Model 2,13.5,1.2,0.36319444444444465
Model 2,14.0,1.2,0.4647222222222222
Model 2,15.0,1.2,0.9849444444444447
Model 2,8,1.4,3.654444444444449
Model 2,8.5,1.4,3.646694444444441
Model 2,9.0,1.4,3.7921944444444433
Model 2,9.5,1.4,3.329333333333335
Model 2,10.0,1.4,2.625694444444443
Model 2,10.5,1.4,1.9401111111111093
Model 2,11.0,1.4,1.1389722222222218
Model 2,11.5,1.4,0.8479722222222225
Model 2,12.5,1.4,1.1288333333333327
Model 2,13.0,1.4,2.4981944444444433
Model 2,13.5,1.4,2.276055555555552
Model 2,14.0,1.4,2.631527777777776
Model 2,14.5,1.4,2.09661111111111
Model 2,15.0,1.4,1.5445000000000004
Model 2,8,1.5999999999999999,2.7273055555555508
Model 2,8.5,1.5999999999999999,1.8904166666666653
Model 2,9.0,1.5999999999999999,1.3303333333333347
Model 2,10.0,1.5999999999999999,1.1018611111111105
Model 2,10.5,1.5999999999999999,3.1286388888888856
Model 2,11.0,1.5999999999999999,2.8335277777777748
Model 2,11.5,1.5999999999999999,3.3634722222222244
Model 2,12.0,1.5999999999999999,2.787111111111109
Model 2,12.5,1.5999999999999999,2.366083333333331
Model 2,13.0,1.5999999999999999,1.6871388888888885
Model 2,13.5,1.5999999999999999,0.6442222222222219
Model 2,14.0,1.5999999999999999,0.1434722222222223
Model 2,15.0,1.5999999999999999,0.2513333333333332
Model 2,8,1.7999999999999998,3.577666666666665
Model 2,8.5,1.7999999999999998,3.392000000000004
Model 2,9.0,1.7999999999999998,4.03522222222222
Model 2,9.5,1.7999999999999998,3.512111111111112
Model 2,10.0,1.7999999999999998,3.1338055555555497
Model 2,10.5,1.7999999999999998,2.4458333333333324
Model 2,11.0,1.7999999999999998,1.3976111111111118
Model 2,11.5,1.7999999999999998,0.8420555555555557
Model 2,12.5,1.7999999999999998,0.1222499999999999
Model 2,13.0,1.7999999999999998,2.085277777777777
Model 2,13.5,1.7999999999999998,2.247333333333333
Model 2,14.0,1.7999999999999998,2.7165277777777743
Model 2,14.5,1.7999999999999998,2.4127499999999977
Model 2,15.0,1.7999999999999998,1.9117777777777756
Model 2,8,1.9999999999999998,3.217638888888888
Model 2,8.5,1.9999999999999998,2.266944444444444
Model 2,9.0,1.9999999999999998,1.635722222222224
Model 2,9.5,1.9999999999999998,1.9079722222222226
Model 2,10.5,1.9999999999999998,2.580138888888885
Model 2,11.0,1.9999999999999998,3.080138888888893
Model 2,11.5,1.9999999999999998,3.2033055555555565
Model 2,12.0,1.9999999999999998,3.166361111111114
Model 2,12.5,1.9999999999999998,2.687194444444446
Model 2,13.0,1.9999999999999998,2.031777777777777
Model 2,13.5,1.9999999999999998,1.2026944444444438
Model 2,14.0,1.9999999999999998,0.37355555555555525
Model 2,14.5,1.9999999999999998,0.4331666666666665
Model 2,8,2.1999999999999997,2.6020833333333333
Model 2,8.5,2.1999999999999997,3.7468055555555506
Model 2,9.0,2.1999999999999997,3.6959999999999926
Model 2,9.5,2.1999999999999997,3.9268611111111125
Model 2,10.0,2.1999999999999997,3.3959722222222224
Model 2,10.5,2.1999999999999997,2.7453611111111083
Model 2,11.0,2.1999999999999997,2.0582499999999992
Model 2,11.5,2.1999999999999997,1.2104722222222224
Model 2,12.0,2.1999999999999997,0.7604444444444443
Model 2,13.0,2.1999999999999997,1.0230833333333331
Model 2,13.5,2.1999999999999997,2.529722222222221
Model 2,14.0,2.1999999999999997,2.29622222222222
Model 2,14.5,2.1999999999999997,2.7341388888888876
Model 2,15.0,2.1999999999999997,2.1899722222222198
Model 2,8,2.4,3.5859722222222237
Model 2,8.5,2.4,2.860027777777778
Model 2,9.0,2.4,1.9947777777777778
Model 2,9.5,2.4,1.3824999999999992
Model 2,10.5,2.4,1.0054722222222205
Model 2,11.0,2.4,3.161472222222221
Model 2,11.5,2.4,2.8917499999999987
Model 2,12.0,2.4,3.4455555555555515
Model 2,12.5,2.4,2.861444444444444
Model 2,13.0,2.4,2.464916666666669
Model 2,13.5,2.4,1.7897500000000013
Model 2,14.0,2.4,0.6485833333333331
Model 2,14.5,2.4,0.15119444444444444
Model 2,8,2.6,0.6863611111111098
Model 2,8.5,2.6,3.567416666666663
Model 2,9.0,2.6,3.4897777777777756
Model 2,9.5,2.6,4.0905000000000005
Model 2,10.0,2.6,3.6252777777777814
Model 2,10.5,2.6,3.22586111111111
Model 2,11.0,2.6,2.553861111111108
Model 2,11.5,2.6,1.533583333333334
Model 2,12.0,2.6,0.9040833333333328
Model 2,13.0,2.6,0.045861111111111096
Model 2,13.5,2.6,2.0996388888888893
Model 2,14.0,2.6,2.410111111111107
Model 2,14.5,2.6,2.742027777777774
Model 2,15.0,2.6,2.510111111111112
Model 2,8,2.8000000000000003,3.8996111111111147
Model 2,8.5,2.8000000000000003,3.3254166666666642
Model 2,9.0,2.8000000000000003,2.4144166666666647
Model 2,9.5,2.8000000000000003,1.7193333333333323
Model 2,10.0,2.8000000000000003,1.8413611111111092
Model 2,11.0,2.8000000000000003,2.53536111111111
Model 2,11.5,2.8000000000000003,3.154527777777778
Model 2,12.0,2.8000000000000003,3.168083333333332
Model 2,12.5,2.8000000000000003,3.252861111111108
Model 2,13.0,2.8000000000000003,2.7883055555555565
Model 2,13.5,2.8000000000000003,2.103277777777777
Model 2,14.0,2.8000000000000003,1.3115000000000012
Model 2,14.5,2.8000000000000003,0.3490833333333334
Model 2,15.0,2.8000000000000003,0.382
Model 3,8,0,0.526777777777778
Model 3,9.0,0,0.7751666666666669
Model 3,9.5,0,0.8767500000000003
Model 3,10.0,0,0.8876666666666654
Model 3,10.5,0,0.8821111111111101
Model 3,11.0,0,0.7540000000000008
Model 3,11.5,0,0.5516111111111115
Model 3,12.0,0,0.3446111111111109
Model 3,12.5,0,0.1767222222222224
Model 3,13.0,0,0.18916666666666673
Model 3,14.0,0,0.28508333333333363
Model 3,14.5,0,0.5477222222222224
Model 3,15.0,0,0.49577777777777804
Model 3,8,0.2,1.1234444444444436
Model 3,8.5,0.2,0.9628055555555556
Model 3,9.0,0.2,0.7578611111111097
Model 3,9.5,0.2,0.5672777777777784
Model 3,10.0,0.2,0.3283888888888889
Model 3,10.5,0.2,0.24905555555555556
Model 3,11.5,0.2,0.29230555555555554
Model 3,12.0,0.2,0.7061666666666668
Model 3,12.5,0.2,0.6278333333333337
Model 3,13.0,0.2,0.7660555555555549
Model 3,13.5,0.2,0.5986388888888888
Model 3,14.0,0.2,0.46016666666666717
Model 3,14.5,0.2,0.271722222222222
Model 3,15.0,0.2,0.12027777777777776
Model 3,8,0.4,0.37494444444444475
Model 3,9.0,0.4,0.2878611111111112
Model 3,9.5,0.4,0.913499999999999
Model 3,10.0,0.4,0.799666666666667
Model 3,10.5,0.4,0.9836944444444452
Model 3,11.0,0.4,0.7898055555555556
Model 3,11.5,0.4,0.6921111111111115
Model 3,12.0,0.4,0.4808611111111114
Model 3,12.5,0.4,0.21858333333333327
Model 3,13.0,0.4,0.12036111111111114
Model 3,14.0,0.4,0.06630555555555558
Model 3,14.5,0.4,0.45597222222222233
Model 3,15.0,0.4,0.42999999999999955
Model 3,8,0.6000000000000001,1.186111111111111
Model 3,8.5,0.6000000000000001,1.0405277777777768
Model 3,9.0,0.6000000000000001,0.908694444444443
Model 3,9.5,0.6000000000000001,0.7179166666666665
Model 3,10.0,0.6000000000000001,0.4203888888888887
Model 3,10.5,0.6000000000000001,0.2879999999999996
Model 3,11.0,0.6000000000000001,0.42469444444444415
Model 3,12.0,0.6000000000000001,0.5880277777777773
Model 3,12.5,0.6000000000000001,0.6896944444444438
Model 3,13.0,0.6000000000000001,0.7869722222222219
Model 3,13.5,0.6000000000000001,0.6943888888888884
Model 3,14.0,0.6000000000000001,0.5425277777777776
Model 3,14.5,0.6000000000000001,0.3819444444444438
Model 3,15.0,0.6000000000000001,0.1742222222222222
Model 3,8,0.8,0.47205555555555545
Model 3,8.5,0.8,0.5018888888888884
Model 3,9.5,0.8,0.7148611111111108
Model 3,10.0,0.8,0.8747777777777789
Model 3,10.5,0.8,0.8991666666666663
Model 3,11.0,0.8,0.9028611111111108
Model 3,11.5,0.8,0.7916944444444448
Model 3,12.0,0.8,0.5625833333333335
Model 3,12.5,0.8,0.3726111111111106
Model 3,13.0,0.8,0.1901666666666668
Model 3,13.5,0.8,0.17286111111111116
Model 3,14.5,0.8,0.26199999999999996
Model 3,15.0,0.8,0.568361111111111
Model 3,8,1.0,1.062277777777778
Model 3,8.5,1.0,1.136055555555556
Model 3,9.0,1.0,0.9854444444444451
Model 3,9.5,1.0,0.8053888888888894
Model 3,10.0,1.0,0.5885833333333339
Model 3,10.5,1.0,0.35641666666666616
Model 3,11.0,1.0,0.23658333333333353
Model 3,12.0,1.0,0.26024999999999987
Model 3,12.5,1.0,0.748694444444445
Model 3,13.0,1.0,0.6452499999999998
Model 3,13.5,1.0,0.7876666666666657
Model 3,14.0,1.0,0.6235555555555551
Model 3,14.5,1.0,0.48199999999999965
Model 3,15.0,1.0,0.29625
Model 3,8,1.2,0.5710555555555556
Model 3,8.5,1.2,0.3744722222222221
Model 3,9.5,1.2,0.2575277777777778
Model 3,10.0,1.2,0.8973888888888881
Model 3,10.5,1.2,0.7983333333333336
Model 3,11.0,1.2,1.0044444444444443
Model 3,11.5,1.2,0.8268055555555551
Model 3,12.0,1.2,0.7252222222222219
Model 3,12.5,1.2,0.5059166666666665
Model 3,13.0,1.2,0.22294444444444445
Model 3,13.5,1.2,0.1334722222222223
Model 3,14.5,1.2,0.0436388888888889
Model 3,15.0,1.2,0.4518888888888886
Model 3,8,1.4,1.0037500000000004
Model 3,8.5,1.4,1.193277777777778
Model 3,9.0,1.4,1.075833333333332
Model 3,9.5,1.4,0.9316111111111118
Model 3,10.0,1.4,0.7478611111111106
Model 3,10.5,1.4,0.441583333333333
Model 3,11.0,1.4,0.2838333333333335
Model 3,11.5,1.4,0.421333333333333
Model 3,12.5,1.4,0.6151388888888891
Model 3,13.0,1.4,0.7051944444444456
Model 3,13.5,1.4,0.7771388888888893
Model 3,14.0,1.4,0.725472222222223
Model 3,14.5,1.4,0.5760277777777775
Model 3,15.0,1.4,0.3830277777777778
Model 3,8,1.5999999999999999,0.703999999999999
Model 3,8.5,1.5999999999999999,0.48366666666666663
Model 3,9.0,1.5999999999999999,0.4963333333333334
Model 3,10.0,1.5999999999999999,0.6692222222222222
Model 3,10.5,1.5999999999999999,0.8877777777777768
Model 3,11.0,1.5999999999999999,0.9177222222222224
Model 3,11.5,1.5999999999999999,0.9623611111111117
Model 3,12.0,1.5999999999999999,0.8013333333333331
Model 3,12.5,1.5999999999999999,0.5853055555555555
Model 3,13.0,1.5999999999999999,0.3883888888888888
Model 3,13.5,1.5999999999999999,0.17969444444444455
Model 3,14.0,1.5999999999999999,0.1508055555555556
Model 3,15.0,1.5999999999999999,0.21900000000000008
Model 3,8,1.7999999999999998,1.1172222222222221
Model 3,8.5,1.7999999999999998,1.0632222222222232
Model 3,9.0,1.7999999999999998,1.1707499999999993
Model 3,9.5,1.7999999999999998,1.0197499999999993
Model 3,10.0,1.7999999999999998,0.8477222222222222
Model 3,10.5,1.7999999999999998,0.6115833333333341
Model 3,11.0,1.7999999999999998,0.370611111111111
Model 3,11.5,1.7999999999999998,0.22136111111111106
Model 3,12.5,1.7999999999999998,0.24302777777777781
Model 3,13.0,1.7999999999999998,0.7527777777777778
Model 3,13.5,1.7999999999999998,0.6583055555555558
Model 3,14.0,1.7999999999999998,0.8025555555555556
Model 3,14.5,1.7999999999999998,0.6200555555555552
Model 3,15.0,1.7999999999999998,0.4853888888888885
Model 3,8,1.9999999999999998,0.8884444444444444
Model 3,8.5,1.9999999999999998,0.5693611111111113
Model 3,9.0,1.9999999999999998,0.3789166666666665
Model 3,10.0,1.9999999999999998,0.19897222222222222
Model 3,10.5,1.9999999999999998,0.8873333333333336
Model 3,11.0,1.9999999999999998,0.808777777777778
Model 3,11.5,1.9999999999999998,1.0210555555555556
Model 3,12.0,1.9999999999999998,0.8538611111111112
Model 3,12.5,1.9999999999999998,0.7423611111111114
Model 3,13.0,1.9999999999999998,0.5074444444444443
Model 3,13.5,1.9999999999999998,0.23794444444444468
Model 3,14.0,1.9999999999999998,0.1360555555555556
Model 3,15.0,1.9999999999999998,0.017555555555555564
Model 3,8,2.1999999999999997,1.0098611111111093
Model 3,8.5,2.1999999999999997,1.0618333333333332
Model 3,9.0,2.1999999999999997,1.202027777777777
Model 3,9.5,2.1999999999999997,1.0998888888888894
Model 3,10.0,2.1999999999999997,0.938944444444445
Model 3,10.5,2.1999999999999997,0.773916666666667
Model 3,11.0,2.1999999999999997,0.4608055555555557
Model 3,11.5,2.1999999999999997,0.2731944444444445
Model 3,12.0,2.1999999999999997,0.3660555555555555
Model 3,13.0,2.1999999999999997,0.6067499999999999
Model 3,13.5,2.1999999999999997,0.7149166666666662
Model 3,14.0,2.1999999999999997,0.726444444444445
Model 3,14.5,2.1999999999999997,0.7251111111111106
Model 3,15.0,2.1999999999999997,0.5860833333333337
Model 3,8,2.4,0.9883611111111107
Model 3,8.5,2.4,0.7334999999999996
Model 3,9.0,2.4,0.4904999999999998
Model 3,9.5,2.4,0.49252777777777784
Model 3,10.5,2.4,0.5968888888888886
Model 3,11.0,2.4,0.9468055555555553
Model 3,11.5,2.4,0.9114444444444436
Model 3,12.0,2.4,0.9776666666666657
Model 3,12.5,2.4,0.8064166666666666
Model 3,13.0,2.4,0.5772500000000007
Model 3,13.5,2.4,0.3869444444444446
Model 3,14.0,2.4,0.1746666666666666
Model 3,14.5,2.4,0.12247222222222225
Model 3,8,2.6,0.5403055555555555
Model 3,8.5,2.6,1.1311944444444442
Model 3,9.0,2.6,1.0523611111111106
Model 3,9.5,2.6,1.203055555555555
Model 3,10.0,2.6,1.0333055555555553
Model 3,10.5,2.6,0.8759722222222219
Model 3,11.0,2.6,0.6292499999999998
Model 3,11.5,2.6,0.3716111111111113
Model 3,12.0,2.6,0.19836111111111113
Model 3,13.0,2.6,0.21349999999999988
Model 3,13.5,2.6,0.7418055555555557
Model 3,14.0,2.6,0.6196111111111113
Model 3,14.5,2.6,0.8220555555555554
Model 3,15.0,2.6,0.6104444444444446
Model 3,8,2.8000000000000003,1.128777777777778
Model 3,8.5,2.8000000000000003,0.8932499999999997
Model 3,9.0,2.8000000000000003,0.5475555555555557
Model 3,9.5,2.8000000000000003,0.377861111111111
Model 3,10.5,2.8000000000000003,0.14119444444444437
Model 3,11.0,2.8000000000000003,0.8425277777777772
Model 3,11.5,2.8000000000000003,0.8153611111111112
Model 3,12.0,2.8000000000000003,1.0347500000000005
Model 3,12.5,2.8000000000000003,0.8781111111111112
Model 3,13.0,2.8000000000000003,0.7298888888888885
Model 3,13.5,2.8000000000000003,0.5135555555555552
Model 3,14.0,2.8000000000000003,0.23988888888888868
Model 3,14.5,2.8000000000000003,0.13377777777777777
Model 3,15.0,2.8000000000000003,0.2583888888888889
Model 4,8.5,0,0.12347222222222219
Model 4,9.0,0,0.8260555555555558
Model 4,9.5,0,0.8139166666666664
Model 4,10.0,0,1.0076111111111108
Model 4,10.5,0,0.863916666666667
Model 4,11.0,0,0.7269999999999993
Model 4,11.5,0,0.537555555555555
Model 4,12.0,0,0.2725555555555555
Model 4,12.5,0,0.1612222222222224
Model 4,13.0,0,0.2807777777777779
Model 4,14.0,0,0.42797222222222187
Model 4,14.5,0,0.5293611111111106
Model 4,15.0,0,0.6148611111111115
Model 4,8,0.2,1.1020833333333333
Model 4,8.5,0.2,0.9517500000000007
Model 4,9.0,0.2,0.7786666666666658
Model 4,9.5,0.2,0.4961111111111107
Model 4,10.0,0.2,0.3132222222222221
Model 4,10.5,0.2,0.33727777777777795
Model 4,11.5,0.2,0.5346944444444441
Model 4,12.0,0.2,0.6924166666666673
Model 4,12.5,0.2,0.7236944444444455
Model 4,13.0,0.2,0.7371944444444435
Model 4,13.5,0.2,0.6104444444444441
Model 4,14.0,0.2,0.38541666666666724
Model 4,14.5,0.2,0.2336111111111109
Model 4,15.0,0.2,0.0956944444444444
Model 4,8,0.4,0.4860555555555554
Model 4,9.0,0.4,0.5350833333333334
Model 4,9.5,0.4,0.9463055555555554
Model 4,10.0,0.4,0.8868333333333327
Model 4,10.5,0.4,0.959555555555555
Model 4,11.0,0.4,0.8085277777777776
Model 4,11.5,0.4,0.6261111111111113
Model 4,12.0,0.4,0.422083333333333
Model 4,12.5,0.4,0.22288888888888894
Model 4,13.0,0.4,0.12930555555555556
Model 4,14.0,0.4,0.17547222222222228
Model 4,14.5,0.4,0.5909999999999996
Model 4,15.0,0.4,0.47930555555555504
Model 4,8,0.6000000000000001,1.194555555555555
Model 4,8.5,0.6000000000000001,1.0269999999999997
Model 4,9.0,0.6000000000000001,0.8861388888888886
Model 4,9.5,0.6000000000000001,0.6942500000000003
Model 4,10.0,0.6000000000000001,0.3976666666666669
Model 4,10.5,0.6000000000000001,0.2257777777777777
Model 4,11.5,0.6000000000000001,0.18491666666666648
Model 4,12.0,0.6000000000000001,0.7176666666666666
Model 4,12.5,0.6000000000000001,0.6272777777777774
Model 4,13.0,0.6000000000000001,0.8226944444444446
Model 4,13.5,0.6000000000000001,0.6502222222222228
Model 4,14.0,0.6000000000000001,0.5478055555555559
Model 4,14.5,0.6000000000000001,0.33933333333333304
Model 4,15.0,0.6000000000000001,0.1234166666666666
Model 4,8,0.8,0.45108333333333317
Model 4,9.0,0.8,0.08233333333333331
Model 4,9.5,0.8,0.8358611111111109
Model 4,10.0,0.8,0.8333055555555547
Model 4,10.5,0.8,1.0236111111111115
Model 4,11.0,0.8,0.8990000000000009
Model 4,11.5,0.8,0.7509444444444451
Model 4,12.0,0.8,0.569333333333333
Model 4,12.5,0.8,0.2954166666666671
Model 4,13.0,0.8,0.16347222222222224
Model 4,13.5,0.8,0.2771666666666667
Model 4,14.5,0.8,0.4575833333333338
Model 4,15.0,0.8,0.5461388888888885
Model 4,8,1.0,1.1787499999999997
Model 4,8.5,1.0,1.1376944444444437
Model 4,9.0,1.0,0.9943333333333325
Model 4,9.5,1.0,0.7995277777777785
Model 4,10.0,1.0,0.535722222222222
Model 4,10.5,1.0,0.3249166666666667
Model 4,11.0,1.0,0.3433611111111112
Model 4,12.0,1.0,0.5016666666666668
Model 4,12.5,1.0,0.7186388888888887
Model 4,13.0,1.0,0.7322500000000007
Model 4,13.5,1.0,0.7852499999999997
Model 4,14.0,1.0,0.624444444444444
Model 4,14.5,1.0,0.40875000000000017
Model 4,15.0,1.0,0.2514722222222222
Model 4,8,1.2,0.5315833333333333
Model 4,8.5,1.2,0.4619444444444443
Model 4,9.5,1.2,0.4775833333333329
Model 4,10.0,1.2,0.9484444444444449
Model 4,10.5,1.2,0.8856944444444441
Model 4,11.0,1.2,0.9996111111111113
Model 4,11.5,1.2,0.843555555555555
Model 4,12.0,1.2,0.6714999999999993
Model 4,12.5,1.2,0.44722222222222235
Model 4,13.0,1.2,0.2395555555555555
Model 4,13.5,1.2,0.11908333333333333
Model 4,14.5,1.2,0.16891666666666671
Model 4,15.0,1.2,0.5898888888888886
Model 4,8,1.4,1.0827499999999999
Model 4,8.5,1.4,1.2253611111111113
Model 4,9.0,1.4,1.0369722222222224
Model 4,9.5,1.4,0.9192499999999996
Model 4,10.0,1.4,0.7101944444444451
Model 4,10.5,1.4,0.4019166666666669
Model 4,11.0,1.4,0.2356388888888889
Model 4,12.0,1.4,0.14030555555555546
Model 4,12.5,1.4,0.7046388888888894
Model 4,13.0,1.4,0.6325
Model 4,13.5,1.4,0.8436944444444446
Model 4,14.0,1.4,0.6760000000000008
Model 4,14.5,1.4,0.5667777777777777
Model 4,15.0,1.4,0.34333333333333327
Model 4,8,1.5999999999999999,0.6176666666666664
Model 4,8.5,1.5999999999999999,0.4718055555555553
Model 4,9.5,1.5999999999999999,0.03124999999999999
Model 4,10.0,1.5999999999999999,0.8337499999999995
Model 4,10.5,1.5999999999999999,0.8954444444444443
Model 4,11.0,1.5999999999999999,1.032944444444446
Model 4,11.5,1.5999999999999999,0.9270555555555561
Model 4,12.0,1.5999999999999999,0.7576944444444439
Model 4,12.5,1.5999999999999999,0.5964166666666675
Model 4,13.0,1.5999999999999999,0.3140000000000001
Model 4,13.5,1.5999999999999999,0.161888888888889
Model 4,14.0,1.5999999999999999,0.23569444444444448
Model 4,15.0,1.5999999999999999,0.4366388888888889
Model 4,8,1.7999999999999998,1.1409999999999998
Model 4,8.5,1.7999999999999998,1.1465277777777785
Model 4,9.0,1.7999999999999998,1.1546388888888872
Model 4,9.5,1.7999999999999998,1.022527777777777
Model 4,10.0,1.7999999999999998,0.8046111111111116
Model 4,10.5,1.7999999999999998,0.5634444444444442
Model 4,11.0,1.7999999999999998,0.3343611111111109
Model 4,11.5,1.7999999999999998,0.3419444444444445
Model 4,12.5,1.7999999999999998,0.44177777777777766
Model 4,13.0,1.7999999999999998,0.7799444444444448
Model 4,13.5,1.7999999999999998,0.7347222222222224
Model 4,14.0,1.7999999999999998,0.7969722222222222
Model 4,14.5,1.7999999999999998,0.6306666666666662
Model 4,15.0,1.7999999999999998,0.4041944444444445
Model 4,8,1.9999999999999998,0.8143333333333334
Model 4,8.5,1.9999999999999998,0.541277777777778
Model 4,9.0,1.9999999999999998,0.4254444444444444
Model 4,10.0,1.9999999999999998,0.4294444444444443
Model 4,10.5,1.9999999999999998,0.9590555555555542
Model 4,11.0,1.9999999999999998,0.8773611111111105
Model 4,11.5,1.9999999999999998,1.0358055555555554
Model 4,12.0,1.9999999999999998,0.8555000000000006
Model 4,12.5,1.9999999999999998,0.7005555555555549
Model 4,13.0,1.9999999999999998,0.465333333333333
Model 4,13.5,1.9999999999999998,0.24366666666666664
Model 4,14.0,1.9999999999999998,0.10083333333333332
Model 4,15.0,1.9999999999999998,0.1480555555555556
Model 4,8,2.1999999999999997,1.1749444444444446
Model 4,8.5,2.1999999999999997,1.051944444444444
Model 4,9.0,2.1999999999999997,1.259638888888888
Model 4,9.5,2.1999999999999997,1.060027777777779
Model 4,10.0,2.1999999999999997,0.9595000000000002
Model 4,10.5,2.1999999999999997,0.7181666666666661
Model 4,11.0,2.1999999999999997,0.3840833333333333
Model 4,11.5,2.1999999999999997,0.23905555555555547
Model 4,12.5,2.1999999999999997,0.09383333333333328
Model 4,13.0,2.1999999999999997,0.6574722222222221
Model 4,13.5,2.1999999999999997,0.6431944444444448
Model 4,14.0,2.1999999999999997,0.8551388888888889
Model 4,14.5,2.1999999999999997,0.7018055555555545
Model 4,15.0,2.1999999999999997,0.5499722222222224
Model 4,8,2.4,0.97938888888889
Model 4,8.5,2.4,0.6363611111111112
Model 4,9.0,2.4,0.48291666666666666
Model 4,9.5,2.4,0.6335000000000006
Model 4,10.5,2.4,0.8268611111111112
Model 4,11.0,2.4,0.9433055555555546
Model 4,11.5,2.4,1.0521944444444449
Model 4,12.0,2.4,0.9534722222222219
Model 4,12.5,2.4,0.7856388888888889
Model 4,13.0,2.4,0.5968333333333331
Model 4,13.5,2.4,0.3127222222222221
Model 4,14.0,2.4,0.16547222222222227
Model 4,14.5,2.4,0.19233333333333325
Model 4,8,2.6,0.9345
Model 4,8.5,2.6,1.1284999999999992
Model 4,9.0,2.6,1.1628888888888895
Model 4,9.5,2.6,1.1840277777777777
Model 4,10.0,2.6,1.0537777777777775
Model 4,10.5,2.6,0.8015277777777777
Model 4,11.0,2.6,0.5741666666666667
Model 4,11.5,2.6,0.3313333333333336
Model 4,12.0,2.6,0.301833333333333
Model 4,13.0,2.6,0.3971111111111111
Model 4,13.5,2.6,0.778583333333333
Model 4,14.0,2.6,0.7068611111111116
Model 4,14.5,2.6,0.7896111111111115
Model 4,15.0,2.6,0.6259166666666672
Model 4,8,2.8000000000000003,1.0691111111111116
Model 4,8.5,2.8000000000000003,0.8177222222222219
Model 4,9.0,2.8000000000000003,0.5558333333333334
Model 4,9.5,2.8000000000000003,0.3955833333333332
Model 4,10.5,2.8000000000000003,0.3765555555555556
Model 4,11.0,2.8000000000000003,1.0023333333333329
Model 4,11.5,2.8000000000000003,0.8858333333333333
Model 4,12.0,2.8000000000000003,1.038694444444445
Model 4,12.5,2.8000000000000003,0.8589999999999993
Model 4,13.0,2.8000000000000003,0.6993888888888892
Model 4,13.5,2.8000000000000003,0.4841666666666667
Model 4,14.0,2.8000000000000003,0.21830555555555556
Model 4,14.5,2.8000000000000003,0.08666666666666667
