Model 1,8.5,0,0.7953611111111111
Model 1,9.0,0,0.8743333333333345
Model 1,9.5,0,0.9938333333333335
Model 1,10.0,0,0.8849166666666664
Model 1,10.5,0,0.7328888888888896
Model 1,11.0,0,0.5796111111111112
Model 1,11.5,0,0.32561111111111124
Model 1,12.0,0,0.17652777777777767
Model 1,12.5,0,0.22627777777777774
Model 1,13.5,0,0.4080833333333335
Model 1,14.0,0,0.543805555555556
Model 1,14.5,0,0.5307777777777772
Model 1,15.0,0,0.5369722222222221
Model 1,8,0.2,0.9874166666666659
Model 1,8.5,0.2,0.7720555555555568
Model 1,9.0,0.2,0.5581111111111113
Model 1,9.5,0.2,0.35702777777777783
Model 1,10.0,0.2,0.3463333333333335
Model 1,11.0,0.2,0.4297499999999999
Model 1,11.5,0.2,0.7565833333333335
Model 1,12.0,0.2,0.7106944444444449
Model 1,12.5,0.2,0.7736666666666666
Model 1,13.0,0.2,0.6193611111111109
Model 1,13.5,0.2,0.4243055555555553
Model 1,14.0,0.2,0.26966666666666683
Model 1,14.5,0.2,0.11297222222222222
Model 1,15.0,0.2,0.060777777777777806
Model 1,8.5,0.4,0.3967499999999994
Model 1,9.0,0.4,0.9424722222222209
Model 1,9.5,0.4,0.8393333333333324
Model 1,10.0,0.4,0.997305555555556
Model 1,10.5,0.4,0.818583333333334
Model 1,11.0,0.4,0.6871111111111115
Model 1,11.5,0.4,0.4916944444444444
Model 1,12.0,0.4,0.25577777777777805
Model 1,12.5,0.4,0.11622222222222221
Model 1,13.5,0.4,0.15119444444444452
Model 1,14.0,0.4,0.5668333333333332
Model 1,14.5,0.4,0.443222222222222
Model 1,15.0,0.4,0.6414166666666669
Model 1,8,0.6000000000000001,1.019388888888889
Model 1,8.5,0.6000000000000001,0.9198055555555562
Model 1,9.0,0.6000000000000001,0.7078055555555552
Model 1,9.5,0.6000000000000001,0.40516666666666673
Model 1,10.0,0.6000000000000001,0.2785000000000002
Model 1,11.0,0.6000000000000001,0.07972222222222222
Model 1,11.5,0.6000000000000001,0.6435833333333333
Model 1,12.0,0.6000000000000001,0.6396666666666673
Model 1,12.5,0.6000000000000001,0.8268611111111113
Model 1,13.0,0.6000000000000001,0.6967499999999996
Model 1,13.5,0.6000000000000001,0.5609444444444441
Model 1,14.0,0.6000000000000001,0.38266666666666677
Model 1,14.5,0.6000000000000001,0.16647222222222233
Model 1,15.0,0.6000000000000001,0.08275000000000003
Model 1,8,0.8,0.6455555555555553
Model 1,9.0,0.8,0.8261388888888892
Model 1,9.5,0.8,0.9090555555555543
Model 1,10.0,0.8,1.0066111111111118
Model 1,10.5,0.8,0.9236111111111113
Model 1,11.0,0.8,0.7771944444444442
Model 1,11.5,0.8,0.6016111111111118
Model 1,12.0,0.8,0.3481666666666668
Model 1,12.5,0.8,0.19380555555555568
Model 1,13.0,0.8,0.2125833333333333
Model 1,14.0,0.8,0.37702777777777796
Model 1,14.5,0.8,0.5432500000000001
Model 1,15.0,0.8,0.5565833333333337
Model 1,8,1.0,1.1381388888888881
Model 1,8.5,1.0,1.0039999999999996
Model 1,9.0,1.0,0.794611111111111
Model 1,9.5,1.0,0.5893888888888887
Model 1,10.0,1.0,0.35900000000000004
Model 1,10.5,1.0,0.32272222222222213
Model 1,11.5,1.0,0.3893888888888886
Model 1,12.0,1.0,0.752111111111111
Model 1,12.5,1.0,0.7118888888888888
Model 1,13.0,1.0,0.7880555555555551
Model 1,13.5,1.0,0.6438611111111114
Model 1,14.0,1.0,0.4651666666666663
Model 1,14.5,1.0,0.28616666666666657
Model 1,15.0,1.0,0.1254166666666667
Model 1,8,1.2,0.41897222222222247
Model 1,9.0,1.2,0.37219444444444477
Model 1,9.5,1.2,0.9773055555555562
Model 1,10.0,1.2,0.8731111111111112
Model 1,10.5,1.2,1.0081388888888878
Model 1,11.0,1.2,0.8477500000000004
Model 1,11.5,1.2,0.7022499999999998
Model 1,12.0,1.2,0.5233888888888888
Model 1,12.5,1.2,0.2532500000000002
Model 1,13.0,1.2,0.11641666666666672
Model 1,14.0,1.2,0.11175
Model 1,14.5,1.2,0.556111111111111
Model 1,15.0,1.2,0.4524722222222219
Model 1,8,1.4,1.2135
Model 1,8.5,1.4,1.0506111111111112
Model 1,9.0,1.4,0.9552222222222216
Model 1,9.5,1.4,0.747472222222223
Model 1,10.0,1.4,0.42008333333333303
Model 1,10.5,1.4,0.29988888888888876
Model 1,11.5,1.4,0.04436111111111111
Model 1,12.0,1.4,0.6417500000000004
Model 1,12.5,1.4,0.6611666666666668
Model 1,13.0,1.4,0.8316388888888885
Model 1,13.5,1.4,0.7220277777777773
Model 1,14.0,1.4,0.5726111111111112
Model 1,14.5,1.4,0.39472222222222214
Model 1,15.0,1.4,0.1797777777777778
Model 1,8,1.5999999999999999,0.4968611111111112
Model 1,8.5,1.5999999999999999,0.6030555555555553
Model 1,9.5,1.5999999999999999,0.8424166666666663
Model 1,10.0,1.5999999999999999,0.9332777777777768
Model 1,10.5,1.5999999999999999,0.974555555555555
Model 1,11.0,1.5999999999999999,0.9585833333333332
Model 1,11.5,1.5999999999999999,0.815833333333334
Model 1,12.0,1.5999999999999999,0.611666666666666
Model 1,12.5,1.5999999999999999,0.36655555555555586
Model 1,13.0,1.5999999999999999,0.19633333333333342
Model 1,13.5,1.5999999999999999,0.21680555555555556
Model 1,14.5,1.5999999999999999,0.3422777777777777
Model 1,15.0,1.5999999999999999,0.5744722222222218
Model 1,8,1.7999999999999998,1.122638888888888
Model 1,8.5,1.7999999999999998,1.1825
Model 1,9.0,1.7999999999999998,1.0251388888888884
Model 1,9.5,1.7999999999999998,0.8265555555555552
Model 1,10.0,1.7999999999999998,0.6095000000000004
Model 1,10.5,1.7999999999999998,0.3506666666666666
Model 1,11.0,1.7999999999999998,0.28902777777777755
Model 1,12.0,1.7999999999999998,0.34355555555555556
Model 1,12.5,1.7999999999999998,0.7599166666666676
Model 1,13.0,1.7999999999999998,0.6803611111111117
Model 1,13.5,1.7999999999999998,0.820666666666666
Model 1,14.0,1.7999999999999998,0.6547500000000005
Model 1,14.5,1.7999999999999998,0.49838888888888877
Model 1,15.0,1.7999999999999998,0.2981944444444444
Model 1,8,1.9999999999999998,0.5970277777777777
Model 1,8.5,1.9999999999999998,0.4084166666666669
Model 1,9.5,1.9999999999999998,0.3298611111111111
Model 1,10.0,1.9999999999999998,0.9746388888888884
Model 1,10.5,1.9999999999999998,0.8768888888888896
Model 1,11.0,1.9999999999999998,1.0431111111111109
Model 1,11.5,1.9999999999999998,0.853472222222221
Model 1,12.0,1.9999999999999998,0.7384722222222222
Model 1,12.5,1.9999999999999998,0.5177500000000005
Model 1,13.0,1.9999999999999998,0.25119444444444444
Model 1,13.5,1.9999999999999998,0.11902777777777782
Model 1,14.5,1.9999999999999998,0.07977777777777778
Model 1,15.0,1.9999999999999998,0.5138611111111112
Model 1,8,2.1999999999999997,1.0334999999999994
Model 1,8.5,2.1999999999999997,1.2401111111111116
Model 1,9.0,2.1999999999999997,1.0877499999999996
Model 1,9.5,2.1999999999999997,0.9784722222222204
Model 1,10.0,2.1999999999999997,0.7623611111111115
Model 1,10.5,2.1999999999999997,0.43630555555555567
Model 1,11.0,2.1999999999999997,0.3040555555555554
Model 1,11.5,2.1999999999999997,0.47511111111111115
Model 1,12.5,2.1999999999999997,0.6312499999999999
Model 1,13.0,2.1999999999999997,0.7136666666666664
Model 1,13.5,2.1999999999999997,0.8422222222222226
Model 1,14.0,2.1999999999999997,0.7329722222222219
Model 1,14.5,2.1999999999999997,0.5649999999999997
Model 1,15.0,2.1999999999999997,0.40102777777777815
Model 1,8,2.4,0.7035000000000002
Model 1,8.5,2.4,0.49663888888888885
Model 1,9.0,2.4,0.5468055555555555
Model 1,10.0,2.4,0.8003888888888894
Model 1,10.5,2.4,0.9472500000000001
Model 1,11.0,2.4,0.9453333333333321
Model 1,11.5,2.4,0.9589722222222224
Model 1,12.0,2.4,0.8423333333333347
Model 1,12.5,2.4,0.5998888888888881
Model 1,13.0,2.4,0.37583333333333335
Model 1,13.5,2.4,0.19894444444444442
Model 1,14.0,2.4,0.2008888888888891
Model 1,15.0,2.4,0.29536111111111124
Model 1,8,2.6,1.1760833333333327
Model 1,8.5,2.6,1.1374444444444445
Model 1,9.0,2.6,1.2041666666666666
Model 1,9.5,2.6,1.0472222222222227
Model 1,10.0,2.6,0.8329444444444442
Model 1,10.5,2.6,0.6134722222222223
Model 1,11.0,2.6,0.3546944444444447
Model 1,11.5,2.6,0.24263888888888888
Model 1,12.5,2.6,0.29383333333333345
Model 1,13.0,2.6,0.7761666666666668
Model 1,13.5,2.6,0.6640833333333337
Model 1,14.0,2.6,0.8314999999999994
Model 1,14.5,2.6,0.6468055555555553
Model 1,15.0,2.6,0.5016111111111113
Model 1,8,2.8000000000000003,0.8937222222222222
Model 1,8.5,2.8000000000000003,0.5968055555555556
Model 1,9.0,2.8000000000000003,0.3815277777777778
Model 1,10.0,2.8000000000000003,0.28958333333333336
Model 1,10.5,2.8000000000000003,0.965416666666666
Model 1,11.0,2.8000000000000003,0.8304722222222221
Model 1,11.5,2.8000000000000003,1.0534444444444429
Model 1,12.0,2.8000000000000003,0.8580833333333331
Model 1,12.5,2.8000000000000003,0.7509999999999999
Model 1,13.0,2.8000000000000003,0.5085555555555554
Model 1,13.5,2.8000000000000003,0.2313888888888889
Model 1,14.0,2.8000000000000003,0.12530555555555556
Model 1,15.0,2.8000000000000003,0.05219444444444443
Model 2,8.5,0,0.9869722222222214
Model 2,9.0,0,2.9977500000000004
Model 2,9.5,0,2.6987777777777744
Model 2,10.0,0,3.2333611111111087
Model 2,10.5,0,2.678916666666665
Model 2,11.0,0,2.2690555555555556
Model 2,11.5,0,1.6386111111111104
Model 2,12.0,0,0.6540833333333332
Model 2,12.5,0,0.19533333333333305
Model 2,13.5,0,0.17702777777777765
Model 2,14.0,0,1.5552222222222223
Model 2,14.5,0,1.4213333333333313
Model 2,15.0,0,2.022083333333331
Model 2,8,0.2,3.3995000000000033
Model 2,8.5,0.2,3.0233611111111096
Model 2,9.0,0.2,2.3655833333333325
Model 2,9.5,0.2,1.3618611111111103
Model 2,10.0,0.2,0.8715277777777773
Model 2,11.0,0.2,0.056888888888888885
Model 2,11.5,0.2,1.9564444444444449
Model 2,12.0,0.2,2.1917499999999963
Model 2,12.5,0.2,2.5865833333333326
Model 2,13.0,0.2,2.316138888888889
Model 2,13.5,0.2,1.838888888888888
Model 2,14.0,0.2,1.2629444444444435
Model 2,14.5,0.2,0.4203611111111113
Model 2,15.0,0.2,0.060166666666666674
Model 2,8,0.4,1.748416666666665
Model 2,9.0,0.4,2.415777777777778
Model 2,9.5,0.4,2.963027777777775
Model 2,10.0,0.4,3.015361111111112
Model 2,10.5,0.4,3.055999999999999
Model 2,11.0,0.4,2.592499999999998
Model 2,11.5,0.4,1.9369722222222203
Model 2,12.0,0.4,1.1926666666666665
Model 2,12.5,0.4,0.4697499999999999
Model 2,13.0,0.4,0.4463333333333336
Model 2,14.0,0.4,0.8184444444444435
Model 2,14.5,0.4,1.802138888888888
Model 2,15.0,0.4,1.6759722222222213
Model 2,8,0.6000000000000001,3.791555555555559
Model 2,8.5,0.6000000000000001,3.2593611111111116
Model 2,9.0,0.6000000000000001,2.6579444444444427
Model 2,9.5,0.6000000000000001,1.9851111111111113
Model 2,10.0,0.6000000000000001,1.1602499999999996
Model 2,10.5,0.6000000000000001,0.7542777777777777
Model 2,11.5,0.6000000000000001,0.9096944444444444
Model 2,12.0,0.6000000000000001,2.4258055555555544
Model 2,12.5,0.6000000000000001,2.1517777777777765
Model 2,13.0,0.6000000000000001,2.646750000000001
Model 2,13.5,0.6000000000000001,2.0906666666666647
Model 2,14.0,0.6000000000000001,1.6421388888888868
Model 2,14.5,0.6000000000000001,0.9576111111111131
Model 2,15.0,0.6000000000000001,0.20016666666666674
Model 2,8,0.8,1.2988888888888876
Model 2,9.0,0.8,0.8716111111111102
Model 2,9.5,0.8,2.999916666666665
Model 2,10.0,0.8,2.73711111111111
Model 2,10.5,0.8,3.3216388888888893
Model 2,11.0,0.8,2.752333333333332
Model 2,11.5,0.8,2.395416666666665
Model 2,12.0,0.8,1.7166944444444432
Model 2,12.5,0.8,0.7269166666666668
Model 2,13.0,0.8,0.2595833333333332
Model 2,14.0,0.8,0.11491666666666665
Model 2,14.5,0.8,1.516527777777776
Model 2,15.0,0.8,1.5180555555555568
Model 2,8,1.0,3.9286666666666648
Model 2,8.5,1.0,3.516000000000001
Model 2,9.0,1.0,3.097777777777784
Model 2,9.5,1.0,2.4678333333333313
Model 2,10.0,1.0,1.4996111111111117
Model 2,10.5,1.0,0.9727777777777777
Model 2,11.5,1.0,0.001944444444444445
Model 2,12.0,1.0,1.9778333333333338
Model 2,12.5,1.0,2.348749999999999
Model 2,13.0,1.0,2.621111111111111
Model 2,13.5,1.0,2.414916666666669
Model 2,14.0,1.0,1.9323055555555535
Model 2,14.5,1.0,1.3566944444444442
Model 2,15.0,1.0,0.5072222222222221
Model 2,8,1.2,1.6596944444444466
Model 2,8.5,1.2,1.708222222222223
Model 2,9.5,1.2,2.323166666666666
Model 2,10.0,1.2,3.03994444444444
Model 2,10.5,1.2,3.011111111111108
Model 2,11.0,1.2,3.130249999999996
Model 2,11.5,1.2,2.688861111111107
Model 2,12.0,1.2,2.0101666666666667
Model 2,12.5,1.2,1.315805555555553
Model 2,13.0,1.2,0.5311388888888885
Model 2,13.5,1.2,0.41441666666666654
Model 2,14.5,1.2,0.7453333333333327
Model 2,15.0,1.2,1.898472222222222
Model 2,8,1.4,3.5511388888888873
Model 2,8.5,1.4,3.8698333333333323
Model 2,9.0,1.4,3.3410833333333354
Model 2,9.5,1.4,2.768666666666667
Model 2,10.0,1.4,2.097388888888889
Model 2,10.5,1.4,1.2717222222222222
Model 2,11.0,1.4,0.7154722222222222
Model 2,12.0,1.4,0.8319444444444438
Model 2,12.5,1.4,2.508666666666664
Model 2,13.0,1.4,2.194611111111109
Model 2,13.5,1.4,2.7340555555555546
Model 2,14.0,1.4,2.164194444444445
Model 2,14.5,1.4,1.7478055555555552
Model 2,15.0,1.4,1.0889166666666674
Model 2,8,1.5999999999999999,1.9931111111111097
Model 2,8.5,1.5999999999999999,1.3680555555555558
Model 2,9.5,1.5999999999999999,0.7426944444444432
Model 2,10.0,1.5999999999999999,2.9966944444444423
Model 2,10.5,1.5999999999999999,2.7485555555555554
Model 2,11.0,1.5999999999999999,3.386555555555556
Model 2,11.5,1.5999999999999999,2.8561666666666694
Model 2,12.0,1.5999999999999999,2.497305555555555
Model 2,12.5,1.5999999999999999,1.8150555555555548
Model 2,13.0,1.5999999999999999,0.7688333333333323
Model 2,13.5,1.5999999999999999,0.30666666666666675
Model 2,14.5,1.5999999999999999,0.05811111111111111
Model 2,15.0,1.5999999999999999,1.4970277777777774
Model 2,8,1.7999999999999998,3.4763333333333337
Model 2,8.5,1.7999999999999998,3.9734999999999996
Model 2,9.0,1.7999999999999998,3.626416666666659
Model 2,9.5,1.7999999999999998,3.1635555555555532
Model 2,10.0,1.7999999999999998,2.574305555555553
Model 2,10.5,1.7999999999999998,1.6384999999999996
Model 2,11.0,1.7999999999999998,1.037361111111111
Model 2,11.5,1.7999999999999998,1.35425
Model 2,12.5,1.7999999999999998,2.0059722222222205
Model 2,13.0,1.7999999999999998,2.452749999999999
Model 2,13.5,1.7999999999999998,2.628749999999999
Model 2,14.0,1.7999999999999998,2.522305555555552
Model 2,14.5,1.7999999999999998,2.0601944444444427
Model 2,15.0,1.7999999999999998,1.4351666666666658
Model 2,8,1.9999999999999998,2.4737777777777747
Model 2,8.5,1.9999999999999998,1.7663888888888861
Model 2,9.0,1.9999999999999998,1.7225833333333325
Model 2,10.0,1.9999999999999998,2.1704722222222217
Model 2,10.5,1.9999999999999998,3.0985277777777758
Model 2,11.0,1.9999999999999998,3.0691111111111105
Model 2,11.5,1.9999999999999998,3.2457500000000006
Model 2,12.0,1.9999999999999998,2.7554444444444437
Model 2,12.5,1.9999999999999998,2.109194444444442
Model 2,13.0,1.9999999999999998,1.4236388888888887
Model 2,13.5,1.9999999999999998,0.5387500000000003
Model 2,14.0,1.9999999999999998,0.3478888888888889
Model 2,15.0,1.9999999999999998,0.6710000000000002
Model 2,8,2.1999999999999997,3.7777500000000015
Model 2,8.5,2.1999999999999997,3.565833333333331
Model 2,9.0,2.1999999999999997,3.948666666666669
Model 2,9.5,2.1999999999999997,3.4198611111111097
Model 2,10.0,2.1999999999999997,2.9127499999999973
Model 2,10.5,2.1999999999999997,2.2243611111111092
Model 2,11.0,2.1999999999999997,1.3821388888888892
Model 2,11.5,2.1999999999999997,0.7044999999999996
Model 2,12.5,2.1999999999999997,0.7704722222222213
Model 2,13.0,2.1999999999999997,2.5682222222222206
Model 2,13.5,2.1999999999999997,2.2674999999999996
Model 2,14.0,2.1999999999999997,2.8039444444444426
Model 2,14.5,2.1999999999999997,2.24822222222222
Model 2,15.0,2.1999999999999997,1.83836111111111
Model 2,8,2.4,3.050638888888886
Model 2,8.5,2.4,2.0614166666666627
Model 2,9.0,2.4,1.469999999999998
Model 2,10.0,2.4,0.5812222222222211
Model 2,10.5,2.4,2.9725277777777768
Model 2,11.0,2.4,2.8325833333333317
Model 2,11.5,2.4,3.4353611111111113
Model 2,12.0,2.4,2.967583333333334
Model 2,12.5,2.4,2.592861111111111
Model 2,13.0,2.4,1.9334444444444434
Model 2,13.5,2.4,0.8447499999999999
Model 2,14.0,2.4,0.3276944444444441
Model 2,15.0,2.4,0.01805555555555556
Model 2,8,2.6,3.3706388888888865
Model 2,8.5,2.6,3.60033333333333
Model 2,9.0,2.6,3.9997222222222186
Model 2,9.5,2.6,3.727055555555559
Model 2,10.0,2.6,3.2504444444444407
Model 2,10.5,2.6,2.674972222222221
Model 2,11.0,2.6,1.7814166666666633
Model 2,11.5,2.6,1.0718888888888896
Model 2,12.0,2.6,1.2638333333333327
Model 2,13.0,2.6,1.9868055555555544
Model 2,13.5,2.6,2.53222222222222
Model 2,14.0,2.6,2.589222222222219
Model 2,14.5,2.6,2.6240555555555525
Model 2,15.0,2.6,2.160333333333333
Model 2,8,2.8000000000000003,3.3490555555555552
Model 2,8.5,2.8000000000000003,2.6030277777777755
Model 2,9.0,2.8000000000000003,1.8651944444444446
Model 2,9.5,2.8000000000000003,1.7672777777777766
Model 2,10.5,2.8000000000000003,2.0200555555555546
Model 2,11.0,2.8000000000000003,3.2119722222222205
Model 2,11.5,2.8000000000000003,3.0900555555555567
Model 2,12.0,2.8000000000000003,3.360444444444442
Model 2,12.5,2.8000000000000003,2.8279722222222228
Model 2,13.0,2.8000000000000003,2.2249999999999996
Model 2,13.5,2.8000000000000003,1.5155833333333308
Model 2,14.0,2.8000000000000003,0.5365277777777779
Model 2,14.5,2.8000000000000003,0.24761111111111098
Model 3,8.5,0,0.6142500000000006
Model 3,9.0,0,0.8882222222222216
Model 3,9.5,0,0.871083333333334
Model 3,10.0,0,0.9295555555555557
Model 3,10.5,0,0.7698611111111117
Model 3,11.0,0,0.5780000000000002
Model 3,11.5,0,0.3961388888888886
Model 3,12.0,0,0.1919166666666668
Model 3,12.5,0,0.14966666666666673
Model 3,13.5,0,0.2129166666666667
Model 3,14.0,0,0.5427222222222224
Model 3,14.5,0,0.4618055555555556
Model 3,15.0,0,0.5868888888888889
Model 3,8,0.2,0.976388888888888
Model 3,8.5,0.2,0.8375833333333342
Model 3,9.0,0.2,0.6163055555555566
Model 3,9.5,0.2,0.3864999999999995
Model 3,10.0,0.2,0.23224999999999998
Model 3,11.0,0.2,0.2271944444444443
Model 3,11.5,0.2,0.7290000000000004
Model 3,12.0,0.2,0.6344999999999994
Model 3,12.5,0.2,0.7907499999999994
Model 3,13.0,0.2,0.6053888888888889
Model 3,13.5,0.2,0.5074722222222225
Model 3,14.0,0.2,0.31500000000000006
Model 3,14.5,0.2,0.1268055555555555
Model 3,15.0,0.2,0.04811111111111112
Model 3,8.5,0.4,0.15166666666666662
Model 3,9.0,0.4,0.8376944444444446
Model 3,9.5,0.4,0.7879722222222216
Model 3,10.0,0.4,0.9874444444444448
Model 3,10.5,0.4,0.8319166666666665
Model 3,11.0,0.4,0.7261111111111113
Model 3,11.5,0.4,0.5298888888888887
Model 3,12.0,0.4,0.26377777777777806
Model 3,12.5,0.4,0.16844444444444456
Model 3,13.0,0.4,0.2974444444444442
Model 3,14.0,0.4,0.4310555555555557
Model 3,14.5,0.4,0.507944444444444
Model 3,15.0,0.4,0.613027777777778
Model 3,8,0.6000000000000001,1.063416666666667
Model 3,8.5,0.6000000000000001,0.9128888888888891
Model 3,9.0,0.6000000000000001,0.7598611111111109
Model 3,9.5,0.6000000000000001,0.4875277777777776
Model 3,10.0,0.6000000000000001,0.30772222222222234
Model 3,10.5,0.6000000000000001,0.3571111111111109
Model 3,11.5,0.6000000000000001,0.5710555555555552
Model 3,12.0,0.6000000000000001,0.7076666666666659
Model 3,12.5,0.6000000000000001,0.7040277777777787
Model 3,13.0,0.6000000000000001,0.7143055555555553
Model 3,13.5,0.6000000000000001,0.6056944444444443
Model 3,14.0,0.6000000000000001,0.39216666666666683
Model 3,14.5,0.6000000000000001,0.22338888888888891
Model 3,15.0,0.6000000000000001,0.09922222222222227
Model 3,8,0.8,0.5059444444444446
Model 3,9.0,0.8,0.5669166666666663
Model 3,9.5,0.8,0.9310833333333332
Model 3,10.0,0.8,0.8894444444444431
Model 3,10.5,0.8,0.9523333333333328
Model 3,11.0,0.8,0.7941388888888882
Model 3,11.5,0.8,0.6020833333333334
Model 3,12.0,0.8,0.4153055555555557
Model 3,12.5,0.8,0.21161111111111106
Model 3,13.0,0.8,0.12913888888888886
Model 3,14.0,0.8,0.18655555555555553
Model 3,14.5,0.8,0.57075
Model 3,15.0,0.8,0.46033333333333276
Model 3,8,1.0,1.1689166666666662
Model 3,8.5,1.0,0.9971111111111106
Model 3,9.0,1.0,0.8664722222222224
Model 3,9.5,1.0,0.6682777777777777
Model 3,10.0,1.0,0.40211111111111114
Model 3,10.5,1.0,0.22324999999999992
Model 3,11.5,1.0,0.21058333333333312
Model 3,12.0,1.0,0.7302222222222228
Model 3,12.5,1.0,0.6084444444444447
Model 3,13.0,1.0,0.814527777777778
Model 3,13.5,1.0,0.6365277777777786
Model 3,14.0,1.0,0.5346666666666672
Model 3,14.5,1.0,0.3246666666666666
Model 3,15.0,1.0,0.12438888888888885
Model 3,8,1.2,0.4347777777777774
Model 3,9.0,1.2,0.10447222222222223
Model 3,9.5,1.2,0.8202500000000004
Model 3,10.0,1.2,0.8164999999999999
Model 3,10.5,1.2,1.0041666666666669
Model 3,11.0,1.2,0.8763055555555558
Model 3,11.5,1.2,0.7364722222222233
Model 3,12.0,1.2,0.5567222222222215
Model 3,12.5,1.2,0.2831944444444447
Model 3,13.0,1.2,0.16636111111111118
Model 3,13.5,1.2,0.29508333333333336
Model 3,14.5,1.2,0.4494722222222221
Model 3,15.0,1.2,0.5315555555555557
Model 3,8,1.4,1.17675
Model 3,8.5,1.4,1.0961111111111106
Model 3,9.0,1.4,0.9558055555555544
Model 3,9.5,1.4,0.7827500000000005
Model 3,10.0,1.4,0.5130277777777779
Model 3,10.5,1.4,0.3238055555555557
Model 3,11.0,1.4,0.340138888888889
Model 3,12.0,1.4,0.5258611111111113
Model 3,12.5,1.4,0.7006111111111109
Model 3,13.0,1.4,0.7277500000000007
Model 3,13.5,1.4,0.7485555555555558
Model 3,14.0,1.4,0.6149444444444441
Model 3,14.5,1.4,0.3945555555555554
Model 3,15.0,1.4,0.2362777777777778
Model 3,8,1.5999999999999999,0.5246111111111109
Model 3,8.5,1.5999999999999999,0.48013888888888884
Model 3,9.5,1.5999999999999999,0.5126111111111108
Model 3,10.0,1.5999999999999999,0.9248055555555548
Model 3,10.5,1.5999999999999999,0.891694444444444
Model 3,11.0,1.5999999999999999,0.9667499999999997
Model 3,11.5,1.5999999999999999,0.8244166666666674
Model 3,12.0,1.5999999999999999,0.64236111111111
Model 3,12.5,1.5999999999999999,0.4321388888888888
Model 3,13.0,1.5999999999999999,0.22297222222222227
Model 3,13.5,1.5999999999999999,0.11911111111111107
Model 3,14.5,1.5999999999999999,0.17474999999999993
Model 3,15.0,1.5999999999999999,0.5920833333333333
Model 3,8,1.7999999999999998,1.0469444444444438
Model 3,8.5,1.7999999999999998,1.1787222222222213
Model 3,9.0,1.7999999999999998,1.020944444444444
Model 3,9.5,1.7999999999999998,0.8826388888888889
Model 3,10.0,1.7999999999999998,0.7016666666666664
Model 3,10.5,1.7999999999999998,0.3952222222222222
Model 3,11.0,1.7999999999999998,0.22174999999999992
Model 3,12.0,1.7999999999999998,0.15677777777777782
Model 3,12.5,1.7999999999999998,0.7141944444444447
Model 3,13.0,1.7999999999999998,0.6151944444444446
Model 3,13.5,1.7999999999999998,0.8173611111111115
Model 3,14.0,1.7999999999999998,0.6513055555555556
Model 3,14.5,1.7999999999999998,0.5503888888888889
Model 3,15.0,1.7999999999999998,0.3387777777777778
Model 3,8,1.9999999999999998,0.5870277777777779
Model 3,8.5,1.9999999999999998,0.4578888888888884
Model 3,9.5,1.9999999999999998,0.05669444444444442
Model 3,10.0,1.9999999999999998,0.8157222222222218
Model 3,10.5,1.9999999999999998,0.8365833333333338
Model 3,11.0,1.9999999999999998,1.010527777777777
Model 3,11.5,1.9999999999999998,0.901916666666667
Model 3,12.0,1.9999999999999998,0.7496666666666659
Model 3,12.5,1.9999999999999998,0.5695833333333336
Model 3,13.0,1.9999999999999998,0.30077777777777737
Model 3,13.5,1.9999999999999998,0.15505555555555567
Model 3,14.0,1.9999999999999998,0.2552499999999998
Model 3,15.0,1.9999999999999998,0.445
Model 3,8,2.1999999999999997,1.1048333333333333
Model 3,8.5,2.1999999999999997,1.144333333333334
Model 3,9.0,2.1999999999999997,1.1301111111111102
Model 3,9.5,2.1999999999999997,0.9902777777777769
Model 3,10.0,2.1999999999999997,0.7923611111111112
Model 3,10.5,2.1999999999999997,0.5302499999999999
Model 3,11.0,2.1999999999999997,0.3202222222222222
Model 3,11.5,2.1999999999999997,0.33649999999999963
Model 3,12.5,2.1999999999999997,0.4750277777777777
Model 3,13.0,2.1999999999999997,0.7353055555555559
Model 3,13.5,2.1999999999999997,0.7126944444444443
Model 3,14.0,2.1999999999999997,0.7764722222222236
Model 3,14.5,2.1999999999999997,0.6121111111111115
Model 3,15.0,2.1999999999999997,0.3990277777777777
Model 3,8,2.4,0.782249999999999
Model 3,8.5,2.4,0.5162499999999997
Model 3,9.0,2.4,0.4371944444444447
Model 3,10.0,2.4,0.4533333333333334
Model 3,10.5,2.4,0.9321666666666666
Model 3,11.0,2.4,0.8572777777777776
Model 3,11.5,2.4,0.9968888888888897
Model 3,12.0,2.4,0.8346944444444441
Model 3,12.5,2.4,0.6723333333333336
Model 3,13.0,2.4,0.4426388888888888
Model 3,13.5,2.4,0.22880555555555543
Model 3,14.0,2.4,0.10269444444444446
Model 3,15.0,2.4,0.15450000000000008
Model 3,8,2.6,1.146194444444445
Model 3,8.5,2.6,1.0513888888888892
Model 3,9.0,2.6,1.214111111111111
Model 3,9.5,2.6,1.0281666666666671
Model 3,10.0,2.6,0.9168888888888892
Model 3,10.5,2.6,0.6950277777777784
Model 3,11.0,2.6,0.3870833333333332
Model 3,11.5,2.6,0.21941666666666662
Model 3,12.5,2.6,0.1136944444444444
Model 3,13.0,2.6,0.6697499999999997
Model 3,13.5,2.6,0.6125000000000003
Model 3,14.0,2.6,0.8257500000000001
Model 3,14.5,2.6,0.6640833333333332
Model 3,15.0,2.6,0.5449444444444443
Model 3,8,2.8000000000000003,0.9384444444444447
Model 3,8.5,2.8000000000000003,0.5984722222222219
Model 3,9.0,2.8000000000000003,0.4647500000000002
Model 3,9.5,2.8000000000000003,0.6417500000000002
Model 3,10.5,2.8000000000000003,0.8042500000000001
Model 3,11.0,2.8000000000000003,0.8868333333333326
Model 3,11.5,2.8000000000000003,1.018361111111111
Model 3,12.0,2.8000000000000003,0.9082499999999989
Model 3,12.5,2.8000000000000003,0.743416666666666
Model 3,13.0,2.8000000000000003,0.5701944444444447
Model 3,13.5,2.8000000000000003,0.30330555555555566
Model 3,14.0,2.8000000000000003,0.1506666666666666
Model 3,14.5,2.8000000000000003,0.2046111111111111
Model 4,8.5,0,0.802111111111111
Model 4,9.0,0,0.8895277777777786
Model 4,9.5,0,1.0007222222222225
Model 4,10.0,0,0.8921666666666671
Model 4,10.5,0,0.7436388888888891
Model 4,11.0,0,0.5852500000000002
Model 4,11.5,0,0.3295
Model 4,12.0,0,0.17925000000000002
Model 4,12.5,0,0.22108333333333327
Model 4,13.5,0,0.4032222222222219
Model 4,14.0,0,0.544388888888889
Model 4,14.5,0,0.5351111111111115
Model 4,15.0,0,0.5370555555555554
Model 4,8,0.2,0.9994444444444437
Model 4,8.5,0.2,0.7751944444444449
Model 4,9.0,0.2,0.5673055555555555
Model 4,9.5,0.2,0.3639166666666665
Model 4,10.0,0.2,0.3376666666666669
Model 4,11.0,0.2,0.42550000000000004
Model 4,11.5,0.2,0.7642222222222219
Model 4,12.0,0.2,0.7093888888888896
Model 4,12.5,0.2,0.7750833333333333
Model 4,13.0,0.2,0.6224166666666664
Model 4,13.5,0.2,0.4332499999999997
Model 4,14.0,0.2,0.2720833333333335
Model 4,14.5,0.2,0.11574999999999995
Model 4,15.0,0.2,0.060611111111111136
Model 4,8.5,0.4,0.38686111111111066
Model 4,9.0,0.4,0.9536666666666661
Model 4,9.5,0.4,0.846444444444443
Model 4,10.0,0.4,1.0071666666666668
Model 4,10.5,0.4,0.8262222222222227
Model 4,11.0,0.4,0.6929166666666671
Model 4,11.5,0.4,0.5010833333333329
Model 4,12.0,0.4,0.25680555555555573
Model 4,12.5,0.4,0.11708333333333332
Model 4,13.5,0.4,0.14902777777777784
Model 4,14.0,0.4,0.5681388888888884
Model 4,14.5,0.4,0.44611111111111096
Model 4,15.0,0.4,0.6450277777777779
Model 4,8,0.6000000000000001,1.0315000000000003
Model 4,8.5,0.6000000000000001,0.9328611111111125
Model 4,9.0,0.6000000000000001,0.7162777777777769
Model 4,9.5,0.6000000000000001,0.40380555555555553
Model 4,10.0,0.6000000000000001,0.2878611111111109
Model 4,11.0,0.6000000000000001,0.07355555555555555
Model 4,11.5,0.6000000000000001,0.6484722222222222
Model 4,12.0,0.6000000000000001,0.6437777777777787
Model 4,12.5,0.6000000000000001,0.8261111111111109
Model 4,13.0,0.6000000000000001,0.7051944444444437
Model 4,13.5,0.6000000000000001,0.5672499999999997
Model 4,14.0,0.6000000000000001,0.38675000000000015
Model 4,14.5,0.6000000000000001,0.1685833333333334
Model 4,15.0,0.6000000000000001,0.08352777777777777
Model 4,8,0.8,0.6448333333333335
Model 4,9.0,0.8,0.838305555555556
Model 4,9.5,0.8,0.9150555555555541
Model 4,10.0,0.8,1.0046944444444448
Model 4,10.5,0.8,0.9322222222222227
Model 4,11.0,0.8,0.7853333333333339
Model 4,11.5,0.8,0.6070277777777777
Model 4,12.0,0.8,0.3556666666666665
Model 4,12.5,0.8,0.19672222222222221
Model 4,13.0,0.8,0.2159444444444445
Model 4,14.0,0.8,0.37938888888888905
Model 4,14.5,0.8,0.5442222222222228
Model 4,15.0,0.8,0.556388888888889
Model 4,8,1.0,1.153583333333333
Model 4,8.5,1.0,1.0144166666666665
Model 4,9.0,1.0,0.8038888888888879
Model 4,9.5,1.0,0.5966666666666669
Model 4,10.0,1.0,0.3568888888888891
Model 4,10.5,1.0,0.3152777777777776
Model 4,11.5,1.0,0.37661111111111084
Model 4,12.0,1.0,0.7538333333333331
Model 4,12.5,1.0,0.7168611111111116
Model 4,13.0,1.0,0.7985000000000002
Model 4,13.5,1.0,0.6531111111111122
Model 4,14.0,1.0,0.4751944444444443
Model 4,14.5,1.0,0.29072222222222205
Model 4,15.0,1.0,0.12652777777777782
Model 4,8,1.2,0.4215277777777784
Model 4,9.0,1.2,0.3659722222222226
Model 4,9.5,1.2,0.9801944444444448
Model 4,10.0,1.2,0.8806666666666665
Model 4,10.5,1.2,1.016472222222222
Model 4,11.0,1.2,0.8544444444444435
Model 4,11.5,1.2,0.7109444444444444
Model 4,12.0,1.2,0.5281944444444444
Model 4,12.5,1.2,0.2564444444444446
Model 4,13.0,1.2,0.12041666666666664
Model 4,14.0,1.2,0.11255555555555556
Model 4,14.5,1.2,0.5536388888888891
Model 4,15.0,1.2,0.4546111111111104
Model 4,8,1.4,1.2218333333333327
Model 4,8.5,1.4,1.0642499999999995
Model 4,9.0,1.4,0.9673611111111102
Model 4,9.5,1.4,0.7548333333333337
Model 4,10.0,1.4,0.4266944444444441
Model 4,10.5,1.4,0.30513888888888874
Model 4,11.5,1.4,0.0335
Model 4,12.0,1.4,0.6447500000000002
Model 4,12.5,1.4,0.6791388888888891
Model 4,13.0,1.4,0.8353333333333338
Model 4,13.5,1.4,0.7254999999999993
Model 4,14.0,1.4,0.5722222222222225
Model 4,14.5,1.4,0.40086111111111117
Model 4,15.0,1.4,0.18191666666666673
Model 4,8,1.5999999999999999,0.49877777777777815
Model 4,8.5,1.5999999999999999,0.596555555555556
Model 4,9.5,1.5999999999999999,0.8446111111111105
Model 4,10.0,1.5999999999999999,0.9406666666666664
Model 4,10.5,1.5999999999999999,0.9723333333333325
Model 4,11.0,1.5999999999999999,0.9640555555555546
Model 4,11.5,1.5999999999999999,0.8237777777777782
Model 4,12.0,1.5999999999999999,0.6182777777777769
Model 4,12.5,1.5999999999999999,0.37747222222222254
Model 4,13.0,1.5999999999999999,0.1993611111111112
Model 4,13.5,1.5999999999999999,0.21991666666666668
Model 4,14.5,1.5999999999999999,0.3354444444444445
Model 4,15.0,1.5999999999999999,0.5898333333333329
Model 4,8,1.7999999999999998,1.1353055555555542
Model 4,8.5,1.7999999999999998,1.194277777777778
Model 4,9.0,1.7999999999999998,1.0315833333333342
Model 4,9.5,1.7999999999999998,0.8340277777777773
Model 4,10.0,1.7999999999999998,0.6162222222222223
Model 4,10.5,1.7999999999999998,0.3539166666666669
Model 4,11.0,1.7999999999999998,0.28624999999999995
Model 4,12.0,1.7999999999999998,0.3347777777777777
Model 4,12.5,1.7999999999999998,0.7686388888888893
Model 4,13.0,1.7999999999999998,0.6834166666666669
Model 4,13.5,1.7999999999999998,0.8273333333333321
Model 4,14.0,1.7999999999999998,0.6568055555555553
Model 4,14.5,1.7999999999999998,0.5045833333333336
Model 4,15.0,1.7999999999999998,0.3013888888888888
Model 4,8,1.9999999999999998,0.6049166666666664
Model 4,8.5,1.9999999999999998,0.4111388888888887
Model 4,9.5,1.9999999999999998,0.32361111111111124
Model 4,10.0,1.9999999999999998,0.9774166666666659
Model 4,10.5,1.9999999999999998,0.8744444444444447
Model 4,11.0,1.9999999999999998,1.0539999999999996
Model 4,11.5,1.9999999999999998,0.8601944444444438
Model 4,12.0,1.9999999999999998,0.7459166666666669
Model 4,12.5,1.9999999999999998,0.5235833333333336
Model 4,13.0,1.9999999999999998,0.24830555555555558
Model 4,13.5,1.9999999999999998,0.12402777777777786
Model 4,14.5,1.9999999999999998,0.08013888888888884
Model 4,15.0,1.9999999999999998,0.5135000000000001
Model 4,8,2.1999999999999997,1.045166666666666
Model 4,8.5,2.1999999999999997,1.2530833333333333
Model 4,9.0,2.1999999999999997,1.1041388888888886
Model 4,9.5,2.1999999999999997,0.9844444444444435
Model 4,10.0,2.1999999999999997,0.7691111111111121
Model 4,10.5,2.1999999999999997,0.4435277777777782
Model 4,11.0,2.1999999999999997,0.31055555555555553
Model 4,11.5,2.1999999999999997,0.47208333333333324
Model 4,12.5,2.1999999999999997,0.6368055555555554
Model 4,13.0,2.1999999999999997,0.7301944444444448
Model 4,13.5,2.1999999999999997,0.8484999999999995
Model 4,14.0,2.1999999999999997,0.7414722222222219
Model 4,14.5,2.1999999999999997,0.5756111111111113
Model 4,15.0,2.1999999999999997,0.4061944444444447
Model 4,8,2.4,0.713111111111111
Model 4,8.5,2.4,0.5010833333333331
Model 4,9.0,2.4,0.5409444444444446
Model 4,10.0,2.4,0.7916388888888891
Model 4,10.5,2.4,0.9486111111111116
Model 4,11.0,2.4,0.951833333333333
Model 4,11.5,2.4,0.9626388888888887
Model 4,12.0,2.4,0.8536944444444452
Model 4,12.5,2.4,0.6037222222222222
Model 4,13.0,2.4,0.38449999999999995
Model 4,13.5,2.4,0.2058611111111111
Model 4,14.0,2.4,0.18994444444444447
Model 4,15.0,2.4,0.2951666666666666
Model 4,8,2.6,1.1889444444444444
Model 4,8.5,2.6,1.1413055555555556
Model 4,9.0,2.6,1.211055555555555
Model 4,9.5,2.6,1.0535555555555562
Model 4,10.0,2.6,0.8469722222222223
Model 4,10.5,2.6,0.6197500000000006
Model 4,11.0,2.6,0.3621388888888889
Model 4,11.5,2.6,0.24075000000000005
Model 4,12.5,2.6,0.2860277777777779
Model 4,13.0,2.6,0.7881666666666673
Model 4,13.5,2.6,0.6700555555555555
Model 4,14.0,2.6,0.8420555555555556
Model 4,14.5,2.6,0.6529444444444444
Model 4,15.0,2.6,0.5048333333333337
Model 4,8,2.8000000000000003,0.9099166666666674
Model 4,8.5,2.8000000000000003,0.6004999999999998
Model 4,9.0,2.8000000000000003,0.38530555555555557
Model 4,10.0,2.8000000000000003,0.28452777777777766
Model 4,10.5,2.8000000000000003,0.9657777777777781
Model 4,11.0,2.8000000000000003,0.8318333333333326
Model 4,11.5,2.8000000000000003,1.062583333333332
Model 4,12.0,2.8000000000000003,0.8711666666666656
Model 4,12.5,2.8000000000000003,0.7632222222222224
Model 4,13.0,2.8000000000000003,0.5172222222222221
Model 4,13.5,2.8000000000000003,0.23049999999999987
Model 4,14.0,2.8000000000000003,0.13327777777777777
Model 4,15.0,2.8000000000000003,0.05125
